5 0.103913 0.076563 0.134783 0.021875
5 0.498696 0.106875 0.306957 0.026250
5 0.899565 0.141875 0.042609 0.021250
5 0.723478 0.145313 0.226087 0.021875
1 0.493043 0.231875 0.921739 0.030000
1 0.383478 0.257188 0.702609 0.028125
5 0.121739 0.280625 0.179130 0.026250
2 0.227826 0.311563 0.391304 0.026875
4 0.505217 0.354063 0.520000 0.028125
3 0.103913 0.352187 0.134783 0.016875
2 0.233478 0.391875 0.406087 0.025000
4 0.424783 0.433437 0.359130 0.023125
3 0.103043 0.432500 0.133043 0.018750
5 0.086522 0.473125 0.100000 0.018750
0 0.727826 0.503125 0.330435 0.026250
5 0.731304 0.531875 0.280000 0.023750
5 0.730870 0.559375 0.225217 0.027500
5 0.730000 0.649375 0.282609 0.031250
5 0.247391 0.678125 0.386957 0.022500
5 0.464783 0.708438 0.821739 0.026875
6 0.043478 0.031250 0.086957 0.062500
6 0.956522 0.031250 0.086957 0.062500
6 0.043478 0.968750 0.086957 0.062500
6 0.956522 0.968750 0.086957 0.062500
