5 0.111688 0.043310 0.075325 0.021831
5 0.103247 0.084155 0.138961 0.017606
5 0.594156 0.087676 0.222078 0.019014
5 0.851948 0.089437 0.080519 0.014085
5 0.498052 0.109859 0.323377 0.023944
5 0.827922 0.131690 0.042857 0.011268
5 0.907143 0.131690 0.029870 0.011268
5 0.585714 0.164789 0.044156 0.014085
5 0.695455 0.164789 0.066234 0.014085
5 0.261688 0.165493 0.035065 0.012676
5 0.373377 0.165493 0.092208 0.012676
5 0.489610 0.166197 0.028571 0.011268
5 0.309091 0.183803 0.176623 0.012676
5 0.065584 0.184859 0.058442 0.010563
5 0.680519 0.185563 0.187013 0.011972
5 0.100000 0.199296 0.127273 0.014085
1 0.318831 0.211972 0.570130 0.015493
2 0.254545 0.292606 0.389610 0.020423
3 0.842208 0.291549 0.141558 0.015493
4 0.859091 0.311268 0.094805 0.014085
5 0.123377 0.311972 0.150649 0.012676
4 0.429870 0.313732 0.106494 0.011972
2 0.196753 0.329930 0.279221 0.020423
3 0.837662 0.329577 0.132468 0.015493
4 0.861039 0.347183 0.098701 0.014085
5 0.123377 0.348239 0.150649 0.016197
2 0.234416 0.366197 0.354545 0.019718
3 0.837662 0.366197 0.132468 0.016901
5 0.174026 0.384507 0.257143 0.016901
4 0.431169 0.385563 0.116883 0.017606
2 0.208442 0.403873 0.297403 0.020423
3 0.844805 0.402817 0.146753 0.015493
5 0.129221 0.421831 0.162338 0.015493
4 0.431818 0.422535 0.115584 0.014085
4 0.862338 0.421479 0.096104 0.011972
5 0.150649 0.442958 0.210390 0.014085
5 0.129221 0.459155 0.167532 0.012676
5 0.130519 0.476761 0.175325 0.014085
0 0.716883 0.502113 0.179221 0.014085
5 0.170779 0.514789 0.175325 0.014085
5 0.720130 0.521479 0.149351 0.011972
5 0.711039 0.573944 0.224675 0.016901
5 0.290260 0.611972 0.494805 0.015493
5 0.855195 0.639437 0.190909 0.014085
6 0.064935 0.035211 0.129870 0.070423
6 0.935065 0.035211 0.129870 0.070423
6 0.064935 0.964789 0.129870 0.070423
6 0.935065 0.964789 0.129870 0.070423
