5 0.121711 0.061682 0.169737 0.018692
5 0.596711 0.100000 0.214474 0.029907
5 0.864474 0.101869 0.081579 0.016822
5 0.505263 0.128037 0.326316 0.031776
5 0.838816 0.157477 0.046053 0.015888
5 0.916447 0.157477 0.030263 0.015888
5 0.263816 0.201869 0.035526 0.016822
5 0.409211 0.201869 0.028947 0.016822
5 0.495395 0.201402 0.027632 0.015888
5 0.594737 0.201869 0.042105 0.016822
5 0.703289 0.201869 0.067105 0.016822
5 0.336842 0.202804 0.015789 0.013084
5 0.687500 0.227103 0.190789 0.022430
5 0.311184 0.226168 0.180263 0.018692
5 0.066447 0.226168 0.059211 0.014953
5 0.100658 0.246729 0.127632 0.018692
1 0.277632 0.263551 0.481579 0.018692
2 0.214474 0.373364 0.307895 0.023364
3 0.857237 0.371963 0.148684 0.020561
5 0.128289 0.395794 0.167105 0.023364
4 0.736184 0.395794 0.119737 0.017757
4 0.437500 0.397196 0.114474 0.016822
2 0.288816 0.422430 0.459211 0.026168
3 0.857237 0.420561 0.148684 0.020561
5 0.128289 0.444393 0.167105 0.023364
4 0.736842 0.443925 0.121053 0.016822
4 0.437500 0.446729 0.114474 0.018692
2 0.305263 0.471495 0.492105 0.025234
3 0.857237 0.469159 0.148684 0.020561
5 0.128289 0.492991 0.167105 0.023364
4 0.735526 0.492523 0.121053 0.016822
4 0.437500 0.494860 0.114474 0.019626
5 0.151316 0.521495 0.215789 0.018692
5 0.128947 0.542523 0.171053 0.017757
5 0.131579 0.567290 0.176316 0.016822
0 0.726974 0.600467 0.180263 0.017757
5 0.173026 0.617757 0.175000 0.016822
5 0.726974 0.624299 0.153947 0.018692
5 0.718421 0.696262 0.223684 0.018692
5 0.295395 0.747196 0.503947 0.021495
5 0.867105 0.782243 0.192105 0.014953
6 0.065789 0.046729 0.131579 0.093458
6 0.934211 0.046729 0.131579 0.093458
6 0.065789 0.953271 0.131579 0.093458
6 0.934211 0.953271 0.131579 0.093458
