5 0.111688 0.043310 0.075325 0.021831
5 0.110390 0.084155 0.153247 0.017606
5 0.587013 0.087676 0.207792 0.019014
5 0.853896 0.089437 0.084416 0.014085
5 0.498052 0.109859 0.323377 0.023944
5 0.827922 0.131690 0.042857 0.011268
5 0.907143 0.131690 0.029870 0.011268
5 0.372078 0.165493 0.094805 0.012676
5 0.585714 0.165493 0.044156 0.012676
5 0.696753 0.165493 0.063636 0.012676
5 0.490909 0.166197 0.025974 0.011268
5 0.309091 0.183803 0.176623 0.012676
5 0.065584 0.184859 0.058442 0.010563
5 0.680519 0.185563 0.187013 0.011972
5 0.366234 0.199648 0.659740 0.011972
1 0.493506 0.211972 0.919481 0.015493
1 0.084416 0.227113 0.096104 0.016197
2 0.255844 0.292606 0.392208 0.020423
3 0.844805 0.291901 0.146753 0.016197
5 0.127922 0.311620 0.159740 0.017606
4 0.726623 0.310563 0.123377 0.012676
4 0.433117 0.313028 0.112987 0.016197
2 0.194156 0.329930 0.274026 0.020423
3 0.844805 0.329577 0.146753 0.015493
5 0.127922 0.347535 0.164935 0.017606
4 0.726623 0.347183 0.123377 0.014085
4 0.431818 0.348592 0.115584 0.014085
2 0.206494 0.366549 0.301299 0.023239
3 0.844805 0.365493 0.146753 0.015493
4 0.431818 0.385563 0.115584 0.016197
4 0.726623 0.383803 0.123377 0.012676
5 0.123377 0.384859 0.150649 0.014789
5 0.149351 0.404930 0.212987 0.014085
5 0.127922 0.421479 0.170130 0.011972
5 0.130519 0.440845 0.175325 0.014085
0 0.716883 0.464789 0.179221 0.014085
5 0.170130 0.478169 0.176623 0.016901
5 0.718182 0.483099 0.153247 0.014085
5 0.709740 0.535915 0.206494 0.021127
5 0.290909 0.575352 0.496104 0.016901
5 0.855195 0.602817 0.190909 0.012676
6 0.064935 0.035211 0.129870 0.070423
6 0.935065 0.035211 0.129870 0.070423
6 0.064935 0.964789 0.129870 0.070423
6 0.935065 0.964789 0.129870 0.070423
