5 0.110435 0.072500 0.156522 0.017500
5 0.097826 0.101875 0.131304 0.021250
5 0.594348 0.107500 0.225217 0.026250
5 0.853043 0.110937 0.080000 0.015625
5 0.497391 0.136563 0.321739 0.029375
5 0.826957 0.165313 0.045217 0.015625
5 0.903913 0.165313 0.030435 0.015625
5 0.584783 0.210000 0.039130 0.017500
5 0.693043 0.210000 0.060870 0.017500
5 0.329130 0.210938 0.014783 0.015625
5 0.403043 0.210938 0.028696 0.015625
5 0.487826 0.210938 0.027826 0.015625
5 0.305217 0.234375 0.180870 0.018750
5 0.706087 0.235313 0.240000 0.020625
5 0.061739 0.235937 0.059130 0.015625
5 0.126957 0.235000 0.024348 0.013750
5 0.483478 0.235000 0.097391 0.013750
5 0.487826 0.255312 0.911304 0.020625
5 0.471304 0.273125 0.878261 0.018750
5 0.447391 0.292812 0.830435 0.016875
5 0.475652 0.310000 0.886957 0.020000
5 0.247391 0.327188 0.430435 0.023125
1 0.388696 0.344375 0.713043 0.020000
2 0.191739 0.453125 0.272174 0.025000
3 0.851739 0.452188 0.160870 0.020625
5 0.123478 0.475625 0.161739 0.023750
4 0.726957 0.475625 0.120000 0.017500
4 0.430435 0.478125 0.113043 0.018750
2 0.193913 0.502812 0.276522 0.025625
3 0.851739 0.500625 0.160870 0.020000
5 0.118261 0.524062 0.151304 0.023125
4 0.726957 0.524062 0.120000 0.016875
4 0.430435 0.526250 0.113043 0.018750
5 0.145652 0.553125 0.213043 0.018750
5 0.263913 0.573125 0.449565 0.018750
5 0.126957 0.600000 0.175652 0.018750
0 0.716087 0.632500 0.176522 0.018750
5 0.166957 0.649062 0.173913 0.016875
5 0.716957 0.656875 0.152174 0.020000
5 0.708261 0.726250 0.247826 0.018750
5 0.287391 0.779062 0.498261 0.021875
5 0.854783 0.815312 0.184348 0.015625
6 0.043478 0.031250 0.086957 0.062500
6 0.956522 0.031250 0.086957 0.062500
6 0.043478 0.968750 0.086957 0.062500
6 0.956522 0.968750 0.086957 0.062500
