5 0.110390 0.043310 0.077922 0.021831
5 0.106494 0.083803 0.145455 0.016901
5 0.588961 0.086972 0.211688 0.020423
5 0.853896 0.090141 0.084416 0.012676
5 0.498052 0.109859 0.323377 0.023944
5 0.827922 0.131690 0.042857 0.011268
5 0.907143 0.131690 0.029870 0.011268
5 0.585714 0.164789 0.044156 0.014085
5 0.695455 0.164789 0.066234 0.014085
5 0.490909 0.166197 0.025974 0.011268
5 0.310390 0.183803 0.179221 0.012676
5 0.065584 0.184859 0.058442 0.010563
5 0.680519 0.185563 0.187013 0.011972
5 0.483117 0.198592 0.898701 0.014085
5 0.483117 0.212676 0.893506 0.014085
5 0.491558 0.227817 0.910390 0.011972
5 0.366234 0.240141 0.659740 0.012676
1 0.317532 0.254225 0.562338 0.012676
2 0.335065 0.333451 0.550649 0.020423
3 0.844805 0.332394 0.146753 0.015493
5 0.182468 0.352113 0.274026 0.014085
4 0.440260 0.352113 0.132468 0.014085
5 0.149351 0.372535 0.212987 0.014085
5 0.127922 0.388732 0.170130 0.012676
5 0.221429 0.407042 0.357143 0.016901
0 0.718182 0.433099 0.181818 0.014085
5 0.170779 0.445070 0.175325 0.015493
5 0.718182 0.451408 0.153247 0.015493
5 0.709740 0.504225 0.227273 0.015493
5 0.290909 0.542254 0.496104 0.016901
5 0.855195 0.569718 0.190909 0.012676
6 0.064935 0.035211 0.129870 0.070423
6 0.935065 0.035211 0.129870 0.070423
6 0.064935 0.964789 0.129870 0.070423
6 0.935065 0.964789 0.129870 0.070423
