5 0.111688 0.043310 0.075325 0.021831
5 0.222727 0.059859 0.055844 0.014085
5 0.588961 0.087676 0.211688 0.021831
5 0.853896 0.089437 0.084416 0.014085
5 0.498052 0.109859 0.323377 0.023944
5 0.827922 0.131690 0.042857 0.011268
5 0.907143 0.131690 0.029870 0.011268
5 0.695455 0.164789 0.066234 0.014085
5 0.587662 0.166197 0.040260 0.011268
5 0.310390 0.183803 0.179221 0.012676
5 0.066883 0.184859 0.061039 0.010563
5 0.680519 0.185563 0.187013 0.011972
5 0.100000 0.199296 0.127273 0.014085
1 0.180519 0.211972 0.293506 0.015493
2 0.215584 0.292606 0.311688 0.020423
3 0.844805 0.291901 0.146753 0.016197
5 0.129221 0.311620 0.162338 0.017606
2 0.286364 0.329930 0.458442 0.020423
3 0.844805 0.329577 0.146753 0.015493
5 0.123377 0.348239 0.150649 0.016197
5 0.148701 0.368310 0.214286 0.016901
5 0.127922 0.384507 0.170130 0.014085
5 0.130519 0.403521 0.175325 0.014085
0 0.719481 0.429577 0.179221 0.012676
5 0.170779 0.440845 0.175325 0.014085
5 0.720130 0.447887 0.149351 0.012676
5 0.709740 0.500352 0.268831 0.017606
5 0.290260 0.538732 0.494805 0.015493
5 0.855195 0.566197 0.190909 0.014085
6 0.064935 0.035211 0.129870 0.070423
6 0.935065 0.035211 0.129870 0.070423
6 0.064935 0.964789 0.129870 0.070423
6 0.935065 0.964789 0.129870 0.070423
