5 0.111688 0.043310 0.075325 0.021831
5 0.103247 0.084155 0.138961 0.017606
5 0.596104 0.087324 0.225974 0.019718
5 0.855195 0.091197 0.081818 0.010563
5 0.498052 0.109859 0.323377 0.023944
5 0.864286 0.131690 0.115584 0.011268
5 0.585714 0.164789 0.044156 0.014085
5 0.695455 0.164789 0.066234 0.014085
5 0.331818 0.165493 0.175325 0.012676
5 0.309091 0.183803 0.176623 0.012676
5 0.065584 0.184859 0.058442 0.010563
5 0.680519 0.185563 0.187013 0.011972
5 0.100000 0.199296 0.127273 0.014085
1 0.402597 0.211972 0.737662 0.016901
2 0.222727 0.292606 0.325974 0.020423
3 0.844805 0.291901 0.146753 0.016197
5 0.127273 0.310915 0.166234 0.019014
4 0.859740 0.310563 0.101299 0.012676
5 0.149351 0.331690 0.212987 0.014085
5 0.125974 0.348944 0.174026 0.014789
5 0.130519 0.367606 0.175325 0.014085
0 0.716883 0.391901 0.179221 0.016197
5 0.170779 0.404930 0.175325 0.014085
5 0.718182 0.409859 0.153247 0.016901
5 0.709740 0.463732 0.164935 0.016197
5 0.290260 0.502113 0.494805 0.014085
5 0.855195 0.529577 0.190909 0.012676
6 0.064935 0.035211 0.129870 0.070423
6 0.935065 0.035211 0.129870 0.070423
6 0.064935 0.964789 0.129870 0.070423
6 0.935065 0.964789 0.129870 0.070423
