5 0.112500 0.040187 0.072368 0.028037
5 0.107237 0.093925 0.146053 0.021495
5 0.604605 0.100000 0.230263 0.029907
5 0.864474 0.101869 0.081579 0.016822
5 0.505263 0.128037 0.326316 0.028037
5 0.838816 0.157477 0.046053 0.015888
5 0.916447 0.157477 0.030263 0.015888
5 0.409211 0.201869 0.028947 0.016822
5 0.495395 0.201402 0.027632 0.015888
5 0.594737 0.201869 0.042105 0.016822
5 0.704605 0.201869 0.064474 0.016822
5 0.687500 0.227103 0.190789 0.022430
5 0.312500 0.226168 0.182895 0.018692
5 0.066447 0.226168 0.059211 0.014953
5 0.490132 0.247196 0.906579 0.017757
5 0.487500 0.265421 0.906579 0.018692
5 0.497368 0.284112 0.921053 0.018692
5 0.243421 0.300935 0.413158 0.018692
1 0.320395 0.319626 0.567105 0.018692
2 0.340132 0.427103 0.559211 0.026168
3 0.857237 0.425701 0.151316 0.023364
5 0.184211 0.450467 0.278947 0.024299
4 0.437500 0.451402 0.114474 0.018692
5 0.151316 0.476636 0.215789 0.016822
5 0.128947 0.498598 0.171053 0.017757
5 0.226316 0.523832 0.365789 0.021495
0 0.726974 0.557009 0.180263 0.018692
5 0.173026 0.573832 0.175000 0.016822
5 0.726974 0.581308 0.153947 0.016822
5 0.718421 0.653271 0.228947 0.020561
5 0.294079 0.703271 0.501316 0.019626
5 0.865789 0.738785 0.189474 0.015888
6 0.065789 0.046729 0.131579 0.093458
6 0.934211 0.046729 0.131579 0.093458
6 0.065789 0.953271 0.131579 0.093458
6 0.934211 0.953271 0.131579 0.093458
