5 0.114474 0.064486 0.160526 0.016822
5 0.107237 0.093925 0.146053 0.021495
5 0.604605 0.099533 0.230263 0.027103
5 0.864474 0.101869 0.081579 0.016822
5 0.505263 0.128037 0.326316 0.028037
5 0.838816 0.157477 0.046053 0.015888
5 0.916447 0.157477 0.030263 0.015888
5 0.495395 0.201402 0.027632 0.015888
5 0.593421 0.201869 0.039474 0.016822
5 0.703947 0.201869 0.068421 0.016822
5 0.409211 0.202336 0.028947 0.015888
5 0.336842 0.202804 0.015789 0.013084
5 0.687500 0.227103 0.190789 0.022430
5 0.311184 0.226168 0.180263 0.018692
5 0.066447 0.226636 0.059211 0.014019
5 0.490132 0.247664 0.906579 0.018692
5 0.498684 0.265888 0.928947 0.017757
5 0.444737 0.284112 0.815789 0.018692
1 0.505263 0.302336 0.936842 0.021495
1 0.297368 0.319626 0.526316 0.018692
2 0.345395 0.410748 0.569737 0.025234
3 0.857237 0.408879 0.148684 0.021495
5 0.175000 0.432710 0.260526 0.026168
4 0.735526 0.431776 0.121053 0.016822
4 0.436842 0.433645 0.115789 0.020561
5 0.151316 0.460748 0.215789 0.018692
5 0.128947 0.481308 0.171053 0.016822
5 0.131579 0.507477 0.176316 0.018692
0 0.726974 0.539252 0.180263 0.016822
5 0.173026 0.556542 0.175000 0.017757
5 0.726974 0.564486 0.153947 0.016822
5 0.718421 0.636449 0.228947 0.020561
5 0.294079 0.686449 0.501316 0.021495
5 0.865789 0.722897 0.184211 0.015888
6 0.065789 0.046729 0.131579 0.093458
6 0.934211 0.046729 0.131579 0.093458
6 0.065789 0.953271 0.131579 0.093458
6 0.934211 0.953271 0.131579 0.093458
