5 0.110435 0.072188 0.156522 0.016875
5 0.097826 0.101875 0.131304 0.021250
5 0.580000 0.107500 0.196522 0.026250
5 0.853043 0.110937 0.080000 0.015625
5 0.497391 0.136563 0.321739 0.029375
5 0.826957 0.165313 0.045217 0.015625
5 0.903913 0.165313 0.030435 0.015625
5 0.693478 0.210000 0.065217 0.017500
5 0.330435 0.210938 0.017391 0.015625
5 0.403043 0.210938 0.028696 0.015625
5 0.487826 0.210938 0.027826 0.015625
5 0.584783 0.210938 0.039130 0.015625
5 0.697391 0.235625 0.222609 0.020000
5 0.306522 0.235000 0.178261 0.017500
5 0.061739 0.235937 0.059130 0.015625
5 0.126957 0.235000 0.024348 0.013750
5 0.482174 0.235625 0.100000 0.012500
5 0.183478 0.255312 0.302609 0.020625
1 0.479130 0.272500 0.893913 0.020000
1 0.245217 0.291250 0.431304 0.020000
2 0.287391 0.382188 0.463478 0.026875
3 0.842174 0.380312 0.141739 0.020625
5 0.123478 0.403750 0.161739 0.023750
4 0.426957 0.406250 0.106087 0.018750
2 0.213478 0.431250 0.315652 0.025000
3 0.844348 0.429375 0.146087 0.018750
5 0.123478 0.452500 0.161739 0.023750
4 0.868261 0.452188 0.115652 0.016875
2 0.203913 0.479375 0.296522 0.025000
3 0.845217 0.478750 0.147826 0.020000
5 0.123478 0.501875 0.161739 0.021250
4 0.430435 0.503750 0.113043 0.017500
5 0.145652 0.530312 0.213043 0.016875
5 0.253043 0.551250 0.427826 0.018750
5 0.126957 0.577187 0.175652 0.016875
0 0.716957 0.610000 0.178261 0.017500
5 0.166957 0.627188 0.173913 0.016875
5 0.716957 0.635000 0.152174 0.017500
5 0.708696 0.706250 0.234783 0.018750
5 0.287391 0.756563 0.498261 0.020625
5 0.855217 0.792813 0.185217 0.014375
6 0.043478 0.031250 0.086957 0.062500
6 0.956522 0.031250 0.086957 0.062500
6 0.043478 0.968750 0.086957 0.062500
6 0.956522 0.968750 0.086957 0.062500
