5 0.150000 0.079907 0.226316 0.017757
5 0.588158 0.116822 0.197368 0.026168
5 0.864474 0.119159 0.081579 0.017757
5 0.505263 0.144860 0.326316 0.028037
5 0.837500 0.173364 0.043421 0.014019
5 0.916447 0.174299 0.030263 0.015888
5 0.409211 0.219159 0.028947 0.017757
5 0.495395 0.218224 0.027632 0.015888
5 0.593421 0.219159 0.039474 0.017757
5 0.703947 0.219159 0.068421 0.017757
5 0.336184 0.219159 0.017105 0.014019
5 0.312500 0.242991 0.182895 0.018692
5 0.066447 0.243458 0.059211 0.015888
5 0.688158 0.243925 0.189474 0.016822
5 0.100658 0.263551 0.127632 0.018692
1 0.385526 0.281308 0.697368 0.022430
2 0.269737 0.391121 0.418421 0.023364
3 0.857237 0.389720 0.148684 0.020561
5 0.128289 0.411682 0.167105 0.023364
2 0.255921 0.440187 0.393421 0.024299
3 0.857237 0.437850 0.148684 0.019626
5 0.122368 0.461215 0.155263 0.025234
5 0.151316 0.489252 0.215789 0.017757
5 0.128947 0.510280 0.171053 0.018692
5 0.131579 0.536449 0.176316 0.016822
0 0.726316 0.569159 0.178947 0.016822
5 0.173026 0.585047 0.175000 0.018692
5 0.726974 0.593458 0.153947 0.018692
5 0.720395 0.662150 0.227632 0.025234
5 0.295395 0.715888 0.503947 0.020561
5 0.865789 0.750935 0.189474 0.015888
6 0.065789 0.046729 0.131579 0.093458
6 0.934211 0.046729 0.131579 0.093458
6 0.065789 0.953271 0.131579 0.093458
6 0.934211 0.953271 0.131579 0.093458
