5 0.103913 0.076563 0.134783 0.021875
5 0.498696 0.106875 0.306957 0.026250
5 0.899565 0.141875 0.042609 0.021250
5 0.723478 0.145313 0.226087 0.021875
1 0.487826 0.231875 0.911304 0.027500
1 0.485652 0.255312 0.906957 0.026875
1 0.220435 0.279062 0.376522 0.026875
5 0.121304 0.305625 0.178261 0.026250
2 0.266957 0.336250 0.469565 0.027500
4 0.490870 0.377812 0.491304 0.025625
3 0.103913 0.377188 0.134783 0.016875
2 0.255217 0.415000 0.449565 0.025000
4 0.362609 0.458750 0.236522 0.028750
3 0.103913 0.456875 0.134783 0.017500
2 0.403913 0.495312 0.743478 0.028125
4 0.443043 0.538750 0.395652 0.025000
3 0.100435 0.536875 0.127826 0.018750
5 0.226957 0.575937 0.380870 0.026875
0 0.727826 0.607500 0.330435 0.025000
5 0.730000 0.636875 0.282609 0.025000
5 0.730870 0.664062 0.225217 0.026875
5 0.730000 0.753750 0.265217 0.026250
5 0.248696 0.782813 0.389565 0.021875
5 0.464783 0.813125 0.821739 0.028750
6 0.043478 0.031250 0.086957 0.062500
6 0.956522 0.031250 0.086957 0.062500
6 0.043478 0.968750 0.086957 0.062500
6 0.956522 0.968750 0.086957 0.062500
