5 0.112500 0.040187 0.072368 0.028037
5 0.107237 0.093925 0.146053 0.021495
5 0.603289 0.100000 0.227632 0.029907
5 0.864474 0.102336 0.081579 0.015888
5 0.505263 0.128037 0.326316 0.028037
5 0.838816 0.157477 0.046053 0.015888
5 0.916447 0.157477 0.030263 0.015888
5 0.495395 0.201402 0.027632 0.015888
5 0.594737 0.201869 0.042105 0.016822
5 0.704605 0.201869 0.064474 0.016822
5 0.409211 0.202336 0.028947 0.015888
5 0.687500 0.227103 0.190789 0.022430
5 0.311184 0.226168 0.180263 0.018692
5 0.066447 0.226168 0.059211 0.014953
5 0.482237 0.245794 0.890789 0.020561
5 0.490789 0.265421 0.907895 0.018692
5 0.467105 0.284112 0.860526 0.018692
5 0.497368 0.300935 0.926316 0.018692
5 0.332237 0.318692 0.596053 0.018692
1 0.325000 0.337383 0.576316 0.018692
2 0.259868 0.443925 0.398684 0.026168
3 0.857237 0.443925 0.148684 0.020561
5 0.175000 0.467290 0.260526 0.026168
4 0.871711 0.465888 0.098684 0.017757
4 0.436842 0.468224 0.115789 0.020561
5 0.151316 0.494860 0.215789 0.019626
5 0.128947 0.515888 0.171053 0.016822
5 0.228289 0.541121 0.369737 0.020561
0 0.726316 0.575234 0.178947 0.017757
5 0.173026 0.591121 0.175000 0.017757
5 0.726974 0.598598 0.153947 0.017757
5 0.718421 0.669159 0.189474 0.022430
5 0.294079 0.721028 0.501316 0.021495
5 0.864474 0.757477 0.186842 0.015888
6 0.065789 0.046729 0.131579 0.093458
6 0.934211 0.046729 0.131579 0.093458
6 0.065789 0.953271 0.131579 0.093458
6 0.934211 0.953271 0.131579 0.093458
