5 0.097826 0.101875 0.131304 0.021250
5 0.594348 0.107500 0.225217 0.026250
5 0.853043 0.110937 0.080000 0.015625
5 0.497391 0.136563 0.321739 0.029375
5 0.826957 0.164687 0.045217 0.014375
5 0.903913 0.165313 0.030435 0.015625
5 0.694348 0.210000 0.063478 0.017500
5 0.330435 0.210938 0.017391 0.015625
5 0.403043 0.210938 0.028696 0.015625
5 0.487826 0.210938 0.027826 0.015625
5 0.584783 0.210938 0.039130 0.015625
5 0.706087 0.235313 0.240000 0.020625
5 0.306522 0.235000 0.178261 0.017500
5 0.061739 0.235937 0.059130 0.015625
5 0.483478 0.235000 0.102609 0.013750
5 0.128261 0.235625 0.021739 0.012500
5 0.096087 0.255625 0.129565 0.020000
1 0.476522 0.273125 0.888696 0.018750
1 0.173478 0.291563 0.282609 0.019375
2 0.216957 0.382500 0.322609 0.025000
3 0.840870 0.380312 0.139130 0.016875
5 0.123478 0.403750 0.161739 0.023750
4 0.435652 0.406250 0.123478 0.018750
2 0.337391 0.429063 0.563478 0.029375
3 0.845217 0.430312 0.147826 0.020625
5 0.123478 0.452500 0.161739 0.023750
4 0.726957 0.452188 0.120000 0.016875
4 0.430435 0.454375 0.113043 0.018750
2 0.260870 0.480312 0.408696 0.023125
3 0.845217 0.478750 0.147826 0.020000
5 0.123478 0.501875 0.161739 0.021250
4 0.430435 0.503750 0.113043 0.017500
5 0.145217 0.530000 0.213913 0.020000
5 0.293478 0.551250 0.508696 0.018750
5 0.126957 0.577187 0.175652 0.016875
0 0.716087 0.610000 0.176522 0.017500
5 0.166957 0.627188 0.173913 0.016875
5 0.716957 0.635000 0.152174 0.017500
5 0.709565 0.704688 0.259130 0.021875
5 0.287391 0.756563 0.498261 0.020625
5 0.854783 0.792813 0.184348 0.014375
6 0.043478 0.031250 0.086957 0.062500
6 0.956522 0.031250 0.086957 0.062500
6 0.043478 0.968750 0.086957 0.062500
6 0.956522 0.968750 0.086957 0.062500
