5 0.112500 0.057009 0.072368 0.028037
5 0.111842 0.111215 0.155263 0.024299
5 0.603289 0.116822 0.227632 0.026168
5 0.864474 0.119159 0.081579 0.017757
5 0.505263 0.144860 0.326316 0.028037
5 0.838816 0.173364 0.046053 0.014019
5 0.916447 0.174299 0.030263 0.015888
5 0.263158 0.218224 0.039474 0.015888
5 0.409211 0.218224 0.028947 0.015888
5 0.495395 0.218224 0.027632 0.015888
5 0.593421 0.218224 0.039474 0.015888
5 0.703289 0.219159 0.067105 0.017757
5 0.336842 0.219159 0.015789 0.014019
5 0.312500 0.242991 0.182895 0.018692
5 0.066447 0.243458 0.059211 0.015888
5 0.688158 0.243925 0.189474 0.016822
5 0.100658 0.263551 0.127632 0.018692
1 0.333553 0.279907 0.593421 0.017757
2 0.259868 0.391121 0.398684 0.023364
3 0.857237 0.389720 0.148684 0.020561
5 0.127632 0.411682 0.165789 0.023364
4 0.871711 0.413084 0.101316 0.022430
4 0.437500 0.414486 0.114474 0.017757
2 0.248684 0.438785 0.381579 0.028972
3 0.857237 0.437850 0.148684 0.019626
5 0.122368 0.461215 0.155263 0.025234
4 0.871053 0.461215 0.100000 0.017757
4 0.437500 0.463551 0.114474 0.018692
5 0.151316 0.489252 0.215789 0.017757
5 0.128947 0.510280 0.171053 0.018692
5 0.131579 0.536449 0.176316 0.016822
0 0.726316 0.567757 0.178947 0.021495
5 0.173026 0.585047 0.175000 0.018692
5 0.726974 0.593458 0.153947 0.018692
5 0.718421 0.663551 0.223684 0.022430
5 0.294079 0.715421 0.501316 0.023364
5 0.865789 0.750935 0.189474 0.015888
6 0.065789 0.046729 0.131579 0.093458
6 0.934211 0.046729 0.131579 0.093458
6 0.065789 0.953271 0.131579 0.093458
6 0.934211 0.953271 0.131579 0.093458
