5 0.103913 0.076563 0.134783 0.021875
5 0.498696 0.106875 0.306957 0.026250
5 0.764783 0.145313 0.308696 0.021875
1 0.457391 0.232500 0.850435 0.028750
1 0.476957 0.256250 0.889565 0.027500
1 0.470435 0.281250 0.876522 0.025000
1 0.309565 0.304688 0.554783 0.021875
5 0.121739 0.328750 0.179130 0.026250
2 0.403913 0.359063 0.743478 0.028125
4 0.500870 0.402187 0.511304 0.023125
3 0.100870 0.401250 0.128696 0.018750
5 0.086522 0.441875 0.100000 0.018750
0 0.729130 0.470938 0.333043 0.023125
5 0.731304 0.500625 0.280000 0.023750
5 0.730870 0.528438 0.223478 0.023125
5 0.728696 0.616875 0.271304 0.018750
5 0.247391 0.646563 0.386957 0.021875
5 0.464783 0.677188 0.821739 0.029375
6 0.043478 0.031250 0.086957 0.062500
6 0.956522 0.031250 0.086957 0.062500
6 0.043478 0.968750 0.086957 0.062500
6 0.956522 0.968750 0.086957 0.062500
