5 0.112500 0.040187 0.072368 0.028037
5 0.588158 0.099533 0.197368 0.027103
5 0.864474 0.101869 0.081579 0.016822
5 0.505263 0.128037 0.326316 0.028037
5 0.838816 0.157477 0.046053 0.015888
5 0.916447 0.157477 0.030263 0.015888
5 0.263816 0.201869 0.035526 0.016822
5 0.408553 0.201869 0.030263 0.016822
5 0.495395 0.201402 0.027632 0.015888
5 0.594737 0.201869 0.042105 0.016822
5 0.704605 0.201869 0.064474 0.016822
5 0.336184 0.202336 0.017105 0.015888
5 0.687500 0.227103 0.190789 0.022430
5 0.311184 0.226168 0.180263 0.018692
5 0.066447 0.226168 0.059211 0.014953
5 0.100658 0.246729 0.127632 0.018692
1 0.244737 0.264486 0.415789 0.016822
2 0.271053 0.373364 0.421053 0.025234
3 0.857237 0.371963 0.148684 0.020561
5 0.128289 0.395794 0.167105 0.025234
2 0.277632 0.422430 0.436842 0.026168
3 0.857237 0.420561 0.148684 0.020561
5 0.128289 0.444393 0.167105 0.023364
2 0.253947 0.471028 0.392105 0.028037
3 0.857237 0.469159 0.148684 0.020561
5 0.128289 0.492991 0.167105 0.023364
5 0.151316 0.521495 0.215789 0.018692
5 0.128947 0.542523 0.171053 0.017757
5 0.131579 0.567290 0.176316 0.016822
0 0.726316 0.600467 0.178947 0.017757
5 0.173026 0.617757 0.175000 0.016822
5 0.726974 0.624299 0.153947 0.018692
5 0.719737 0.696729 0.271053 0.027103
5 0.295395 0.747196 0.503947 0.021495
5 0.868421 0.782243 0.189474 0.014953
6 0.065789 0.046729 0.131579 0.093458
6 0.934211 0.046729 0.131579 0.093458
6 0.065789 0.953271 0.131579 0.093458
6 0.934211 0.953271 0.131579 0.093458
