5 0.112500 0.040187 0.072368 0.028037
5 0.107237 0.093925 0.146053 0.021495
5 0.604605 0.100000 0.230263 0.029907
5 0.864474 0.101869 0.081579 0.016822
5 0.505263 0.128037 0.326316 0.028037
5 0.838816 0.157477 0.046053 0.015888
5 0.916447 0.157477 0.030263 0.015888
5 0.409211 0.201869 0.028947 0.016822
5 0.495395 0.201402 0.027632 0.015888
5 0.594737 0.201869 0.042105 0.016822
5 0.703289 0.201869 0.067105 0.016822
5 0.687500 0.227103 0.190789 0.022430
5 0.311184 0.226168 0.180263 0.018692
5 0.066447 0.226636 0.059211 0.014019
5 0.490132 0.247664 0.906579 0.018692
5 0.487500 0.265888 0.906579 0.017757
5 0.243421 0.284112 0.413158 0.022430
1 0.487500 0.301869 0.901316 0.020561
1 0.059868 0.319159 0.053947 0.021495
2 0.244737 0.409813 0.368421 0.027103
3 0.857237 0.408879 0.148684 0.021495
5 0.175000 0.432710 0.260526 0.026168
4 0.736842 0.431776 0.121053 0.016822
4 0.437500 0.433645 0.114474 0.018692
2 0.230921 0.459346 0.343421 0.025234
3 0.857237 0.457944 0.148684 0.020561
5 0.184211 0.481308 0.278947 0.026168
4 0.436842 0.482243 0.115789 0.020561
2 0.198026 0.507009 0.280263 0.025234
3 0.857237 0.506542 0.148684 0.020561
5 0.184211 0.530841 0.278947 0.022430
4 0.436842 0.530841 0.115789 0.020561
5 0.151316 0.557009 0.215789 0.018692
5 0.128947 0.578505 0.171053 0.016822
5 0.234868 0.603271 0.382895 0.021495
0 0.726974 0.637850 0.180263 0.017757
5 0.173026 0.653271 0.175000 0.016822
5 0.727632 0.661682 0.155263 0.020561
5 0.718421 0.733178 0.228947 0.019626
5 0.294079 0.783645 0.501316 0.021495
5 0.865789 0.820093 0.184211 0.015888
6 0.065789 0.046729 0.131579 0.093458
6 0.934211 0.046729 0.131579 0.093458
6 0.065789 0.953271 0.131579 0.093458
6 0.934211 0.953271 0.131579 0.093458
