5 0.112500 0.040187 0.072368 0.028037
5 0.596711 0.100000 0.214474 0.029907
5 0.863816 0.101869 0.082895 0.016822
5 0.505263 0.128037 0.326316 0.028037
5 0.838816 0.157477 0.046053 0.015888
5 0.916447 0.157477 0.030263 0.015888
5 0.263816 0.201869 0.035526 0.016822
5 0.409211 0.201869 0.028947 0.016822
5 0.495395 0.201869 0.027632 0.016822
5 0.593421 0.201869 0.039474 0.016822
5 0.703289 0.201869 0.061842 0.016822
5 0.687500 0.227103 0.190789 0.022430
5 0.312500 0.226168 0.182895 0.018692
5 0.066447 0.226168 0.059211 0.014953
5 0.100658 0.246729 0.127632 0.018692
1 0.182895 0.264953 0.292105 0.021495
2 0.266447 0.373364 0.411842 0.023364
3 0.857237 0.371963 0.148684 0.020561
5 0.128289 0.395794 0.167105 0.025234
5 0.151316 0.423832 0.215789 0.017757
5 0.128947 0.444860 0.171053 0.018692
5 0.131579 0.469626 0.176316 0.019626
0 0.726974 0.503271 0.180263 0.017757
5 0.173026 0.519626 0.175000 0.018692
5 0.727632 0.527103 0.155263 0.020561
5 0.719079 0.599065 0.232895 0.020561
5 0.294079 0.650000 0.501316 0.019626
5 0.865789 0.685514 0.189474 0.015888
6 0.065789 0.046729 0.131579 0.093458
6 0.934211 0.046729 0.131579 0.093458
6 0.065789 0.953271 0.131579 0.093458
6 0.934211 0.953271 0.131579 0.093458
