5 0.110435 0.072188 0.156522 0.016875
5 0.097826 0.101875 0.131304 0.021250
5 0.594348 0.107500 0.225217 0.026250
5 0.853043 0.110937 0.080000 0.015625
5 0.497391 0.136563 0.321739 0.029375
5 0.826957 0.164687 0.045217 0.014375
5 0.903913 0.165313 0.030435 0.015625
5 0.693478 0.210000 0.065217 0.017500
5 0.330435 0.210000 0.017391 0.013750
5 0.403043 0.210938 0.028696 0.015625
5 0.487826 0.210938 0.027826 0.015625
5 0.583478 0.210938 0.036522 0.015625
5 0.306522 0.234375 0.178261 0.018750
5 0.706087 0.235313 0.240000 0.020625
5 0.061739 0.235937 0.059130 0.015625
5 0.126957 0.235000 0.024348 0.013750
5 0.483478 0.235000 0.097391 0.013750
5 0.463913 0.255312 0.863478 0.020625
5 0.447391 0.274062 0.830435 0.016875
5 0.482174 0.291875 0.900000 0.018750
5 0.466957 0.310312 0.874783 0.021875
5 0.063913 0.326562 0.072174 0.023125
1 0.483478 0.344375 0.902609 0.020000
1 0.247391 0.363750 0.430435 0.018750
2 0.191739 0.453125 0.272174 0.025000
3 0.845217 0.452188 0.147826 0.020625
5 0.123478 0.475625 0.161739 0.023750
4 0.726957 0.475625 0.120000 0.017500
4 0.430435 0.478125 0.113043 0.018750
2 0.217826 0.502188 0.324348 0.026875
3 0.845217 0.500938 0.147826 0.023125
5 0.119130 0.524375 0.153043 0.023750
4 0.430000 0.526250 0.113913 0.021250
2 0.235217 0.551250 0.359130 0.025000
3 0.845217 0.550625 0.147826 0.020000
5 0.118261 0.572500 0.151304 0.023750
4 0.430435 0.575625 0.113043 0.017500
2 0.198696 0.599688 0.286087 0.028125
3 0.845217 0.599063 0.147826 0.020625
5 0.123478 0.621875 0.161739 0.022500
4 0.859565 0.621563 0.098261 0.015625
5 0.145217 0.650625 0.212174 0.017500
5 0.253043 0.671875 0.427826 0.018750
5 0.126957 0.697500 0.175652 0.017500
0 0.716087 0.731250 0.176522 0.018750
5 0.166957 0.747500 0.173913 0.017500
5 0.716957 0.753750 0.152174 0.020000
5 0.709565 0.825625 0.259130 0.026250
5 0.287391 0.876563 0.498261 0.023125
5 0.855217 0.914062 0.185217 0.015625
6 0.043478 0.031250 0.086957 0.062500
6 0.956522 0.031250 0.086957 0.062500
6 0.043478 0.968750 0.086957 0.062500
6 0.956522 0.968750 0.086957 0.062500
