5 0.111688 0.043310 0.075325 0.021831
5 0.100000 0.083803 0.135065 0.018310
5 0.596104 0.087676 0.225974 0.019014
5 0.855195 0.091197 0.081818 0.010563
5 0.498052 0.109859 0.323377 0.023944
5 0.864286 0.131690 0.115584 0.011268
5 0.585714 0.164789 0.044156 0.014085
5 0.695455 0.164789 0.066234 0.014085
5 0.331818 0.165493 0.175325 0.012676
5 0.490909 0.166197 0.025974 0.011268
5 0.310390 0.183803 0.179221 0.012676
5 0.065584 0.184859 0.058442 0.010563
5 0.680519 0.185563 0.187013 0.011972
5 0.494805 0.200000 0.916883 0.018310
5 0.480519 0.212676 0.893506 0.014085
5 0.291558 0.227817 0.510390 0.011972
1 0.498052 0.239789 0.928571 0.017606
1 0.196753 0.253521 0.325974 0.014085
2 0.194156 0.320775 0.268831 0.020423
3 0.844805 0.319718 0.146753 0.015493
5 0.127922 0.338380 0.164935 0.017606
4 0.431818 0.339437 0.115584 0.014085
2 0.188961 0.357394 0.266234 0.021831
3 0.844805 0.356690 0.146753 0.017606
5 0.123377 0.375704 0.150649 0.017606
4 0.431169 0.376408 0.116883 0.017606
2 0.207143 0.394014 0.300000 0.020423
3 0.844805 0.393662 0.146753 0.015493
4 0.726623 0.411268 0.123377 0.014085
5 0.123377 0.412324 0.150649 0.016197
4 0.431818 0.412676 0.115584 0.014085
5 0.148701 0.432394 0.214286 0.016901
5 0.126623 0.448592 0.172727 0.014085
5 0.130519 0.467606 0.175325 0.014085
0 0.718182 0.492958 0.181818 0.014085
5 0.170779 0.504930 0.175325 0.014085
5 0.718182 0.511268 0.153247 0.014085
5 0.709740 0.564085 0.240260 0.022535
5 0.290909 0.603521 0.496104 0.016901
5 0.853247 0.630282 0.187013 0.014085
6 0.064935 0.035211 0.129870 0.070423
6 0.935065 0.035211 0.129870 0.070423
6 0.064935 0.964789 0.129870 0.070423
6 0.935065 0.964789 0.129870 0.070423
