5 0.110435 0.072188 0.156522 0.016875
5 0.138696 0.102813 0.214783 0.023125
5 0.580000 0.107500 0.196522 0.026250
5 0.853043 0.110937 0.080000 0.015625
5 0.496522 0.136563 0.320000 0.029375
5 0.826957 0.164687 0.045217 0.014375
5 0.903913 0.165313 0.030435 0.015625
5 0.694348 0.210000 0.063478 0.017500
5 0.403043 0.210938 0.028696 0.015625
5 0.487826 0.210938 0.027826 0.015625
5 0.584783 0.210938 0.039130 0.015625
5 0.331304 0.210625 0.015652 0.012500
5 0.305217 0.234375 0.180870 0.018750
5 0.678696 0.235625 0.185217 0.020000
5 0.061739 0.235937 0.059130 0.015625
5 0.483478 0.235625 0.097391 0.012500
5 0.485217 0.255000 0.906087 0.020000
5 0.481304 0.273125 0.898261 0.018750
5 0.479130 0.291875 0.897391 0.018750
5 0.477826 0.310312 0.891304 0.021875
5 0.397391 0.327188 0.730435 0.020625
1 0.479130 0.344687 0.893913 0.021875
1 0.261739 0.363125 0.459130 0.017500
2 0.252609 0.453750 0.393913 0.026250
3 0.844348 0.451250 0.146087 0.018750
5 0.123478 0.475625 0.161739 0.023750
4 0.859565 0.475625 0.098261 0.017500
2 0.215652 0.502812 0.320000 0.025625
3 0.845217 0.502188 0.147826 0.020625
5 0.179130 0.525625 0.273043 0.026250
4 0.430435 0.526250 0.113043 0.018750
2 0.286522 0.550937 0.461739 0.026875
3 0.840870 0.550312 0.139130 0.020625
5 0.123478 0.572500 0.161739 0.023750
4 0.426957 0.575625 0.106087 0.017500
2 0.205217 0.600625 0.297391 0.023750
3 0.845217 0.599063 0.147826 0.020625
5 0.179130 0.622500 0.273043 0.026250
4 0.860870 0.621563 0.095652 0.015625
2 0.350870 0.650000 0.588696 0.025000
3 0.841739 0.647500 0.140870 0.020000
5 0.123478 0.670625 0.161739 0.021250
4 0.722609 0.670312 0.114783 0.015625
4 0.426957 0.673125 0.106087 0.018750
5 0.145217 0.699063 0.212174 0.016875
5 0.232174 0.720000 0.386087 0.018750
5 0.126957 0.745938 0.175652 0.016875
0 0.716957 0.779375 0.178261 0.018750
5 0.166957 0.795937 0.173913 0.016875
5 0.716957 0.803750 0.152174 0.020000
5 0.708261 0.874062 0.178261 0.016875
5 0.287391 0.925312 0.498261 0.020625
5 0.854783 0.962187 0.184348 0.015625
6 0.043478 0.031250 0.086957 0.062500
6 0.956522 0.031250 0.086957 0.062500
6 0.043478 0.968750 0.086957 0.062500
6 0.956522 0.968750 0.086957 0.062500
