5 0.112500 0.040187 0.072368 0.028037
5 0.098684 0.093925 0.128947 0.021495
5 0.603289 0.099533 0.227632 0.028972
5 0.864474 0.101869 0.081579 0.016822
5 0.505263 0.128037 0.326316 0.028037
5 0.838816 0.157477 0.046053 0.015888
5 0.916447 0.157477 0.030263 0.015888
5 0.409211 0.201869 0.028947 0.016822
5 0.495395 0.201402 0.027632 0.015888
5 0.594737 0.201869 0.042105 0.016822
5 0.704605 0.201869 0.064474 0.016822
5 0.336184 0.201869 0.017105 0.014953
5 0.687500 0.227103 0.190789 0.022430
5 0.311184 0.226168 0.180263 0.018692
5 0.066447 0.226636 0.059211 0.014019
5 0.490132 0.247664 0.906579 0.018692
5 0.498684 0.265888 0.928947 0.017757
5 0.465789 0.284112 0.857895 0.018692
1 0.496711 0.302336 0.919737 0.021495
1 0.500658 0.319626 0.927632 0.018692
1 0.201316 0.337850 0.334211 0.017757
2 0.357895 0.410748 0.594737 0.025234
3 0.857237 0.408879 0.148684 0.021495
5 0.127632 0.431776 0.165789 0.024299
4 0.736184 0.431776 0.122368 0.016822
4 0.436842 0.433645 0.115789 0.020561
2 0.219079 0.458879 0.322368 0.026168
3 0.857237 0.457944 0.148684 0.020561
5 0.126974 0.480374 0.164474 0.024299
4 0.871711 0.479907 0.098684 0.017757
5 0.151316 0.509346 0.215789 0.018692
5 0.128947 0.529907 0.171053 0.016822
5 0.131579 0.556075 0.176316 0.018692
0 0.726316 0.588785 0.178947 0.018692
5 0.173026 0.605140 0.175000 0.017757
5 0.726974 0.613084 0.153947 0.016822
5 0.719079 0.683178 0.180263 0.016822
5 0.294079 0.735047 0.501316 0.021495
5 0.865789 0.771495 0.189474 0.015888
6 0.065789 0.046729 0.131579 0.093458
6 0.934211 0.046729 0.131579 0.093458
6 0.065789 0.953271 0.131579 0.093458
6 0.934211 0.953271 0.131579 0.093458
