5 0.103913 0.076563 0.134783 0.021875
5 0.498696 0.106875 0.306957 0.026250
5 0.899565 0.141250 0.039130 0.017500
5 0.723478 0.145313 0.226087 0.021875
1 0.459565 0.231875 0.854783 0.026250
1 0.495217 0.256250 0.926087 0.025000
1 0.421304 0.281562 0.778261 0.026875
5 0.122609 0.305000 0.177391 0.027500
2 0.429130 0.335938 0.793913 0.028125
4 0.358261 0.377188 0.226087 0.023125
3 0.100870 0.377188 0.128696 0.016875
2 0.402609 0.415000 0.746087 0.028750
4 0.442174 0.457813 0.393913 0.025625
3 0.100870 0.456875 0.128696 0.017500
5 0.306087 0.496250 0.539130 0.026250
0 0.727826 0.527188 0.330435 0.023125
5 0.731304 0.556875 0.280000 0.023750
5 0.731304 0.585000 0.224348 0.023750
5 0.730000 0.674063 0.308696 0.030625
5 0.247391 0.702812 0.386957 0.021875
5 0.464783 0.733437 0.821739 0.026875
6 0.043478 0.031250 0.086957 0.062500
6 0.956522 0.031250 0.086957 0.062500
6 0.043478 0.968750 0.086957 0.062500
6 0.956522 0.968750 0.086957 0.062500
