5 0.586522 0.107813 0.209565 0.025625
5 0.853043 0.110937 0.080000 0.015625
5 0.497391 0.136563 0.321739 0.029375
5 0.826957 0.164687 0.045217 0.014375
5 0.903913 0.165313 0.030435 0.015625
5 0.584348 0.210000 0.041739 0.018750
5 0.694348 0.210000 0.063478 0.017500
5 0.257391 0.210000 0.033043 0.013750
5 0.330435 0.210938 0.017391 0.015625
5 0.403043 0.210938 0.028696 0.015625
5 0.487826 0.210938 0.027826 0.015625
5 0.678696 0.235313 0.185217 0.020625
5 0.306522 0.235000 0.178261 0.017500
5 0.061739 0.235937 0.059130 0.015625
5 0.096087 0.255312 0.129565 0.020625
1 0.338696 0.271562 0.613043 0.023125
2 0.263478 0.381875 0.415652 0.026250
3 0.842174 0.381250 0.141739 0.018750
5 0.123478 0.403750 0.161739 0.020000
2 0.243043 0.430937 0.374783 0.025625
3 0.845217 0.430312 0.147826 0.020625
5 0.123478 0.452500 0.161739 0.023750
2 0.353913 0.478125 0.596522 0.028750
3 0.842174 0.478750 0.141739 0.020000
5 0.123478 0.501875 0.161739 0.021250
5 0.145652 0.530312 0.213043 0.016875
5 0.124348 0.551250 0.172174 0.020000
5 0.126957 0.577187 0.175652 0.016875
0 0.716087 0.610000 0.176522 0.017500
5 0.166957 0.627188 0.173913 0.016875
5 0.716957 0.634375 0.152174 0.018750
5 0.709565 0.705313 0.198261 0.020625
5 0.287391 0.756563 0.498261 0.020625
5 0.854783 0.792188 0.184348 0.015625
6 0.043478 0.031250 0.086957 0.062500
6 0.956522 0.031250 0.086957 0.062500
6 0.043478 0.968750 0.086957 0.062500
6 0.956522 0.968750 0.086957 0.062500
