5 0.114474 0.064486 0.160526 0.016822
5 0.111842 0.094860 0.155263 0.025234
5 0.604605 0.100000 0.230263 0.029907
5 0.864474 0.102336 0.081579 0.015888
5 0.505263 0.128037 0.326316 0.031776
5 0.838816 0.157477 0.046053 0.015888
5 0.916447 0.157477 0.030263 0.015888
5 0.496053 0.201402 0.026316 0.015888
5 0.594737 0.201869 0.042105 0.016822
5 0.703289 0.201869 0.067105 0.016822
5 0.409211 0.202336 0.028947 0.015888
5 0.687500 0.227103 0.190789 0.022430
5 0.311184 0.226168 0.180263 0.018692
5 0.066447 0.226636 0.059211 0.014019
5 0.490132 0.247664 0.906579 0.018692
5 0.498684 0.265888 0.928947 0.017757
5 0.235526 0.284112 0.402632 0.018692
1 0.475658 0.302336 0.877632 0.021495
1 0.475658 0.319626 0.882895 0.018692
1 0.132237 0.337850 0.196053 0.017757
2 0.259868 0.409813 0.398684 0.027103
3 0.857237 0.408879 0.148684 0.021495
5 0.128289 0.431776 0.167105 0.024299
4 0.736184 0.431776 0.122368 0.016822
4 0.437500 0.433645 0.114474 0.018692
2 0.209211 0.459346 0.302632 0.025234
3 0.857237 0.457944 0.148684 0.020561
5 0.128289 0.480374 0.167105 0.024299
4 0.735526 0.479907 0.121053 0.017757
4 0.437500 0.482243 0.114474 0.018692
5 0.151316 0.509346 0.215789 0.018692
5 0.128947 0.529907 0.171053 0.016822
5 0.131579 0.556075 0.176316 0.018692
0 0.726974 0.588785 0.180263 0.018692
5 0.173026 0.605140 0.175000 0.017757
5 0.726974 0.613084 0.153947 0.016822
5 0.719737 0.683645 0.226316 0.025234
5 0.294079 0.735047 0.501316 0.021495
5 0.865789 0.771495 0.189474 0.015888
6 0.065789 0.046729 0.131579 0.093458
6 0.934211 0.046729 0.131579 0.093458
6 0.065789 0.953271 0.131579 0.093458
6 0.934211 0.953271 0.131579 0.093458
