5 0.111688 0.043310 0.075325 0.021831
5 0.110390 0.084155 0.153247 0.017606
5 0.594156 0.087676 0.222078 0.019014
5 0.853896 0.089437 0.084416 0.014085
5 0.498052 0.109859 0.323377 0.023944
5 0.864286 0.131690 0.115584 0.011268
5 0.373377 0.165493 0.092208 0.012676
5 0.585714 0.165493 0.044156 0.012676
5 0.696753 0.165493 0.063636 0.012676
5 0.489610 0.166197 0.028571 0.011268
5 0.309091 0.183803 0.176623 0.012676
5 0.066883 0.184859 0.061039 0.010563
5 0.680519 0.185563 0.187013 0.011972
5 0.492208 0.197887 0.916883 0.015493
5 0.124675 0.213380 0.176623 0.015493
1 0.392857 0.225352 0.718182 0.016901
2 0.246104 0.306690 0.372727 0.020423
3 0.844805 0.305634 0.146753 0.015493
5 0.127922 0.324296 0.159740 0.017606
4 0.726623 0.323944 0.123377 0.014085
4 0.431818 0.325352 0.115584 0.014085
2 0.207143 0.342606 0.300000 0.020423
3 0.844805 0.341901 0.146753 0.016197
4 0.726623 0.359859 0.123377 0.014085
5 0.127922 0.360915 0.164935 0.016197
4 0.431818 0.361268 0.115584 0.014085
5 0.150649 0.382394 0.210390 0.012676
5 0.127922 0.397183 0.170130 0.014085
5 0.130519 0.417606 0.175325 0.014085
0 0.716883 0.440845 0.179221 0.018310
5 0.170779 0.454225 0.175325 0.015493
5 0.718182 0.460563 0.153247 0.015493
5 0.709740 0.511972 0.188312 0.015493
5 0.290909 0.551761 0.496104 0.017606
5 0.855195 0.578873 0.190909 0.014085
6 0.064935 0.035211 0.129870 0.070423
6 0.935065 0.035211 0.129870 0.070423
6 0.064935 0.964789 0.129870 0.070423
6 0.935065 0.964789 0.129870 0.070423
