5 0.110435 0.072188 0.156522 0.016875
5 0.097826 0.101875 0.131304 0.021250
5 0.594348 0.107500 0.225217 0.026250
5 0.853043 0.110937 0.080000 0.015625
5 0.497391 0.136563 0.321739 0.029375
5 0.826957 0.164687 0.045217 0.014375
5 0.903913 0.165313 0.030435 0.015625
5 0.584783 0.210000 0.039130 0.017500
5 0.694348 0.210000 0.063478 0.017500
5 0.403043 0.210938 0.028696 0.015625
5 0.487826 0.210938 0.027826 0.015625
5 0.331304 0.210625 0.015652 0.012500
5 0.697391 0.235000 0.222609 0.021250
5 0.305217 0.234375 0.180870 0.018750
5 0.061739 0.235937 0.059130 0.015625
5 0.126957 0.235000 0.024348 0.013750
5 0.490000 0.235000 0.110435 0.013750
5 0.463913 0.255312 0.863478 0.020625
5 0.447391 0.274062 0.830435 0.016875
5 0.493043 0.291250 0.921739 0.020000
5 0.490870 0.309375 0.917391 0.022500
1 0.480000 0.327500 0.895652 0.021250
1 0.240000 0.345313 0.415652 0.019375
2 0.193043 0.435625 0.274783 0.025000
3 0.845217 0.435000 0.147826 0.020000
5 0.123478 0.457500 0.161739 0.022500
4 0.430435 0.460000 0.113043 0.017500
2 0.353913 0.483750 0.596522 0.030000
3 0.841739 0.483125 0.140870 0.020000
5 0.123478 0.506875 0.161739 0.023750
4 0.722609 0.506875 0.114783 0.017500
4 0.426957 0.509375 0.106087 0.018750
3 0.845217 0.532188 0.147826 0.023125
2 0.198261 0.534062 0.285217 0.025625
5 0.116957 0.555312 0.153913 0.023125
4 0.859565 0.555312 0.098261 0.016875
5 0.145652 0.584375 0.213043 0.018750
5 0.263478 0.605625 0.450435 0.020000
5 0.126957 0.631250 0.175652 0.018750
0 0.716087 0.663750 0.176522 0.018750
5 0.166522 0.680625 0.174783 0.021250
5 0.716957 0.688125 0.152174 0.017500
5 0.708261 0.757500 0.247826 0.018750
5 0.287391 0.810312 0.498261 0.021875
5 0.854783 0.846562 0.184348 0.015625
6 0.043478 0.031250 0.086957 0.062500
6 0.956522 0.031250 0.086957 0.062500
6 0.043478 0.968750 0.086957 0.062500
6 0.956522 0.968750 0.086957 0.062500
