5 0.112500 0.040187 0.072368 0.028037
5 0.596711 0.099533 0.214474 0.027103
5 0.863816 0.101869 0.080263 0.016822
5 0.505263 0.128037 0.326316 0.031776
5 0.838816 0.157477 0.046053 0.015888
5 0.916447 0.157477 0.030263 0.015888
5 0.409211 0.201869 0.028947 0.016822
5 0.495395 0.201869 0.027632 0.016822
5 0.593421 0.201869 0.039474 0.016822
5 0.703289 0.201869 0.067105 0.016822
5 0.688158 0.227103 0.189474 0.022430
5 0.312500 0.226168 0.182895 0.018692
5 0.066447 0.226168 0.059211 0.014953
5 0.100658 0.246729 0.127632 0.018692
1 0.188816 0.264953 0.303947 0.021495
2 0.264474 0.373364 0.407895 0.023364
3 0.857237 0.371963 0.148684 0.020561
5 0.128289 0.395794 0.167105 0.023364
2 0.264474 0.422430 0.410526 0.026168
3 0.857237 0.420561 0.148684 0.020561
5 0.122368 0.444393 0.155263 0.023364
2 0.291447 0.470561 0.464474 0.027103
3 0.857237 0.469159 0.148684 0.020561
5 0.128289 0.492991 0.167105 0.023364
2 0.328947 0.520093 0.536842 0.027103
3 0.857237 0.517757 0.148684 0.020561
5 0.127632 0.541121 0.165789 0.024299
5 0.151316 0.570093 0.215789 0.018692
5 0.128947 0.591121 0.171053 0.017757
5 0.131579 0.616822 0.176316 0.018692
0 0.726974 0.650467 0.180263 0.016822
5 0.173026 0.665888 0.175000 0.017757
5 0.726974 0.674766 0.153947 0.018692
5 0.719737 0.745794 0.234211 0.020561
5 0.294079 0.795794 0.501316 0.021495
5 0.865789 0.832243 0.189474 0.015888
6 0.065789 0.046729 0.131579 0.093458
6 0.934211 0.046729 0.131579 0.093458
6 0.065789 0.953271 0.131579 0.093458
6 0.934211 0.953271 0.131579 0.093458
