5 0.110435 0.072188 0.156522 0.016875
5 0.097826 0.101875 0.131304 0.021250
5 0.594348 0.107500 0.225217 0.026250
5 0.853043 0.110937 0.080000 0.015625
5 0.497391 0.136563 0.321739 0.029375
5 0.826957 0.164687 0.045217 0.014375
5 0.903913 0.165313 0.030435 0.015625
5 0.693478 0.210000 0.065217 0.017500
5 0.330435 0.210938 0.017391 0.015625
5 0.403043 0.210938 0.028696 0.015625
5 0.487826 0.210938 0.027826 0.015625
5 0.584783 0.210938 0.039130 0.015625
5 0.706087 0.235313 0.240000 0.020625
5 0.306522 0.235000 0.178261 0.017500
5 0.061739 0.235937 0.059130 0.015625
5 0.126957 0.235000 0.024348 0.013750
5 0.483478 0.235625 0.102609 0.012500
5 0.096087 0.255625 0.129565 0.020000
1 0.483478 0.272500 0.902609 0.020000
1 0.494348 0.292812 0.924348 0.016875
1 0.079130 0.309063 0.093913 0.015625
2 0.193043 0.382500 0.274783 0.025000
3 0.845217 0.380312 0.147826 0.020625
5 0.123478 0.403750 0.161739 0.023750
4 0.726957 0.403750 0.120000 0.017500
4 0.430435 0.406250 0.113043 0.018750
2 0.198261 0.430937 0.285217 0.025625
3 0.844348 0.429375 0.146087 0.018750
5 0.118261 0.452188 0.151304 0.023125
4 0.859565 0.452188 0.098261 0.016875
2 0.353913 0.478125 0.596522 0.028750
3 0.842174 0.478750 0.141739 0.020000
5 0.123478 0.501875 0.161739 0.021250
4 0.723478 0.500625 0.113043 0.017500
4 0.426957 0.503750 0.106087 0.017500
2 0.217826 0.528750 0.324348 0.026250
3 0.842174 0.527188 0.141739 0.020625
5 0.123478 0.550625 0.161739 0.023750
4 0.435652 0.553125 0.123478 0.018750
5 0.145217 0.579375 0.213913 0.018750
5 0.258696 0.600000 0.439130 0.018750
5 0.126957 0.625625 0.175652 0.017500
0 0.716087 0.659375 0.176522 0.018750
5 0.166957 0.675625 0.173913 0.017500
5 0.717391 0.683438 0.153043 0.020625
5 0.708261 0.753125 0.247826 0.018750
5 0.287391 0.805625 0.498261 0.021250
5 0.854783 0.841562 0.184348 0.015625
6 0.043478 0.031250 0.086957 0.062500
6 0.956522 0.031250 0.086957 0.062500
6 0.043478 0.968750 0.086957 0.062500
6 0.956522 0.968750 0.086957 0.062500
