5 0.110435 0.072500 0.156522 0.017500
5 0.143043 0.102500 0.221739 0.021250
5 0.594348 0.107500 0.225217 0.026250
5 0.853043 0.110937 0.080000 0.015625
5 0.497391 0.136563 0.321739 0.029375
5 0.827826 0.166250 0.043478 0.013750
5 0.905217 0.166875 0.027826 0.012500
5 0.584783 0.209063 0.039130 0.015625
5 0.694348 0.210000 0.063478 0.017500
5 0.403043 0.210938 0.028696 0.015625
5 0.488696 0.210938 0.026087 0.015625
5 0.331304 0.210625 0.015652 0.012500
5 0.305217 0.234375 0.180870 0.018750
5 0.706087 0.235313 0.240000 0.020625
5 0.061739 0.235937 0.059130 0.015625
5 0.126957 0.235000 0.024348 0.013750
5 0.483478 0.235625 0.097391 0.012500
5 0.473478 0.256250 0.882609 0.018750
5 0.457391 0.273125 0.850435 0.018750
5 0.483478 0.291875 0.902609 0.018750
5 0.382609 0.310000 0.704348 0.020000
1 0.203913 0.327188 0.343478 0.020625
2 0.350870 0.436563 0.588696 0.023125
3 0.842174 0.435000 0.141739 0.020000
5 0.123478 0.458125 0.161739 0.021250
4 0.722609 0.456875 0.114783 0.017500
4 0.858261 0.458437 0.092174 0.018125
4 0.426957 0.460000 0.106087 0.017500
5 0.145652 0.486563 0.213043 0.016875
5 0.124348 0.507500 0.172174 0.020000
5 0.126957 0.533438 0.175652 0.016875
0 0.716087 0.566250 0.176522 0.017500
5 0.166957 0.583125 0.173913 0.017500
5 0.716957 0.591250 0.152174 0.017500
5 0.708696 0.660625 0.245217 0.030000
5 0.287391 0.712812 0.498261 0.020625
5 0.854783 0.749687 0.184348 0.015625
6 0.043478 0.031250 0.086957 0.062500
6 0.956522 0.031250 0.086957 0.062500
6 0.043478 0.968750 0.086957 0.062500
6 0.956522 0.968750 0.086957 0.062500
