5 0.112500 0.040187 0.072368 0.028037
5 0.133553 0.094860 0.198684 0.023364
5 0.604605 0.100000 0.230263 0.026168
5 0.864474 0.101869 0.081579 0.016822
5 0.505263 0.128037 0.326316 0.028037
5 0.838816 0.157477 0.046053 0.015888
5 0.916447 0.157477 0.030263 0.015888
5 0.263816 0.201869 0.035526 0.016822
5 0.409211 0.201869 0.028947 0.016822
5 0.495395 0.201869 0.027632 0.016822
5 0.594737 0.201869 0.042105 0.016822
5 0.704605 0.201869 0.064474 0.016822
5 0.688158 0.227103 0.189474 0.022430
5 0.311184 0.226168 0.180263 0.018692
5 0.066447 0.226168 0.059211 0.014953
5 0.100658 0.246729 0.127632 0.018692
1 0.201974 0.263551 0.330263 0.018692
2 0.210526 0.373364 0.300000 0.023364
3 0.857237 0.371963 0.148684 0.020561
5 0.128289 0.395794 0.167105 0.025234
4 0.871711 0.395794 0.098684 0.017757
4 0.437500 0.398131 0.114474 0.018692
2 0.233553 0.422430 0.351316 0.026168
3 0.857237 0.420561 0.148684 0.020561
5 0.122368 0.444393 0.155263 0.023364
4 0.437500 0.446729 0.114474 0.018692
2 0.307895 0.470561 0.497368 0.027103
3 0.857237 0.469159 0.148684 0.020561
5 0.128289 0.492991 0.167105 0.023364
4 0.871711 0.492523 0.098684 0.016822
4 0.437500 0.494860 0.114474 0.019626
2 0.221711 0.519626 0.322368 0.026168
3 0.857237 0.519159 0.148684 0.019626
5 0.123684 0.541121 0.152632 0.024299
4 0.871711 0.541121 0.098684 0.016822
4 0.437500 0.542991 0.114474 0.018692
2 0.328289 0.568692 0.538158 0.027103
3 0.857237 0.567290 0.148684 0.020561
5 0.128289 0.589720 0.167105 0.024299
4 0.871711 0.589252 0.098684 0.017757
4 0.437500 0.592523 0.114474 0.016822
5 0.151316 0.618692 0.215789 0.018692
5 0.128947 0.639252 0.171053 0.016822
5 0.132237 0.665421 0.177632 0.018692
0 0.726974 0.698598 0.180263 0.017757
5 0.173026 0.714486 0.175000 0.017757
5 0.726974 0.723364 0.153947 0.018692
5 0.719737 0.792523 0.205263 0.024299
5 0.294079 0.844393 0.501316 0.021495
5 0.865789 0.880841 0.189474 0.015888
6 0.065789 0.046729 0.131579 0.093458
6 0.934211 0.046729 0.131579 0.093458
6 0.065789 0.953271 0.131579 0.093458
6 0.934211 0.953271 0.131579 0.093458
