5 0.103913 0.076563 0.134783 0.021875
5 0.498696 0.106875 0.306957 0.026250
5 0.764783 0.145313 0.308696 0.021875
1 0.470435 0.231563 0.876522 0.029375
1 0.297391 0.256563 0.530435 0.026875
5 0.121739 0.280625 0.179130 0.026250
2 0.238696 0.311563 0.413043 0.026875
4 0.513913 0.353438 0.537391 0.026875
3 0.103913 0.352187 0.134783 0.016875
2 0.403043 0.390313 0.745217 0.028125
4 0.503913 0.433125 0.517391 0.023750
3 0.100870 0.432500 0.128696 0.018750
2 0.337826 0.471875 0.611304 0.027500
4 0.362609 0.513750 0.234783 0.025000
3 0.104783 0.513750 0.136522 0.018750
2 0.218261 0.552188 0.372174 0.026875
4 0.353913 0.593750 0.217391 0.025000
3 0.100870 0.592812 0.128696 0.016875
2 0.270435 0.632188 0.476522 0.025625
4 0.448696 0.674063 0.406957 0.023125
3 0.103043 0.672500 0.133043 0.020000
5 0.495217 0.710000 0.917391 0.026250
5 0.079130 0.733437 0.085217 0.016875
0 0.729130 0.743750 0.333043 0.026250
5 0.731304 0.772500 0.280000 0.023750
5 0.731304 0.801562 0.224348 0.021875
5 0.729130 0.906563 0.277391 0.034375
5 0.247391 0.937187 0.386957 0.021875
5 0.464783 0.966875 0.821739 0.025000
6 0.043478 0.031250 0.086957 0.062500
6 0.956522 0.031250 0.086957 0.062500
6 0.043478 0.968750 0.086957 0.062500
6 0.956522 0.968750 0.086957 0.062500
