5 0.191739 0.070625 0.319130 0.017500
5 0.586522 0.107500 0.209565 0.026250
5 0.852174 0.110937 0.078261 0.015625
5 0.497391 0.136563 0.321739 0.029375
5 0.903913 0.165313 0.030435 0.015625
5 0.827826 0.165625 0.043478 0.012500
5 0.694348 0.210000 0.063478 0.017500
5 0.257391 0.210938 0.036522 0.015625
5 0.403043 0.210938 0.028696 0.015625
5 0.487826 0.210938 0.027826 0.015625
5 0.584783 0.210938 0.039130 0.015625
5 0.331304 0.210625 0.015652 0.012500
5 0.678696 0.235625 0.185217 0.020000
5 0.306522 0.235000 0.178261 0.017500
5 0.061739 0.235937 0.059130 0.015625
5 0.096087 0.255625 0.129565 0.020000
1 0.306087 0.273125 0.547826 0.018750
2 0.193913 0.382500 0.276522 0.025000
3 0.845217 0.380312 0.147826 0.020625
5 0.123478 0.403750 0.161739 0.020000
4 0.430435 0.406250 0.113043 0.018750
2 0.225652 0.430937 0.340000 0.025625
3 0.845217 0.430312 0.147826 0.020625
5 0.123478 0.452500 0.161739 0.023750
4 0.726522 0.451875 0.119130 0.017500
4 0.430000 0.454688 0.113913 0.020625
2 0.243043 0.479375 0.374783 0.025000
3 0.845217 0.478750 0.147826 0.020000
5 0.123478 0.501875 0.161739 0.021250
4 0.726957 0.500625 0.120000 0.017500
4 0.430435 0.503750 0.113043 0.017500
5 0.145652 0.530312 0.213043 0.016875
5 0.124348 0.551250 0.172174 0.020000
5 0.126957 0.577187 0.175652 0.016875
0 0.716087 0.610000 0.176522 0.017500
5 0.166957 0.627188 0.173913 0.016875
5 0.716957 0.634375 0.152174 0.018750
5 0.708261 0.704063 0.183478 0.020625
5 0.287391 0.756563 0.498261 0.020625
5 0.854783 0.792813 0.184348 0.014375
6 0.043478 0.031250 0.086957 0.062500
6 0.956522 0.031250 0.086957 0.062500
6 0.043478 0.968750 0.086957 0.062500
6 0.956522 0.968750 0.086957 0.062500
