5 0.192174 0.070000 0.320000 0.018750
5 0.586522 0.107500 0.209565 0.026250
5 0.852174 0.110937 0.078261 0.015625
5 0.497391 0.136563 0.321739 0.029375
5 0.826957 0.164687 0.045217 0.014375
5 0.903913 0.165313 0.030435 0.015625
5 0.694348 0.210000 0.063478 0.017500
5 0.257391 0.210938 0.036522 0.015625
5 0.403043 0.210938 0.028696 0.015625
5 0.487826 0.210938 0.027826 0.015625
5 0.584783 0.210938 0.039130 0.015625
5 0.331304 0.210625 0.015652 0.012500
5 0.678696 0.235625 0.185217 0.020000
5 0.306522 0.235000 0.178261 0.017500
5 0.061739 0.235937 0.059130 0.015625
5 0.484783 0.235625 0.100000 0.012500
5 0.096087 0.255625 0.129565 0.020000
1 0.369130 0.272188 0.673913 0.020625
2 0.193043 0.382500 0.274783 0.025000
3 0.845217 0.380312 0.147826 0.020625
5 0.123478 0.403750 0.161739 0.023750
4 0.430435 0.406250 0.113043 0.018750
2 0.353913 0.429688 0.596522 0.028125
3 0.841739 0.429063 0.142609 0.023125
5 0.123478 0.452500 0.161739 0.023750
4 0.722609 0.452188 0.114783 0.016875
4 0.426957 0.454375 0.107826 0.020000
5 0.145652 0.481250 0.213043 0.018750
5 0.124783 0.502188 0.171304 0.016875
5 0.126957 0.528750 0.175652 0.017500
0 0.716087 0.561562 0.176522 0.016875
5 0.166957 0.577812 0.173913 0.015625
5 0.716957 0.585000 0.152174 0.020000
5 0.708696 0.654375 0.182609 0.018750
5 0.287391 0.707187 0.498261 0.021875
5 0.853913 0.743437 0.182609 0.015625
6 0.043478 0.031250 0.086957 0.062500
6 0.956522 0.031250 0.086957 0.062500
6 0.043478 0.968750 0.086957 0.062500
6 0.956522 0.968750 0.086957 0.062500
