5 0.110435 0.072188 0.156522 0.016875
5 0.139565 0.102813 0.216522 0.023125
5 0.594348 0.107500 0.225217 0.026250
5 0.853043 0.110937 0.080000 0.015625
5 0.497391 0.136563 0.321739 0.029375
5 0.826957 0.164687 0.045217 0.014375
5 0.903913 0.165313 0.030435 0.015625
5 0.584783 0.210000 0.039130 0.017500
5 0.693478 0.210000 0.065217 0.017500
5 0.330435 0.210938 0.017391 0.015625
5 0.403043 0.210938 0.028696 0.015625
5 0.487826 0.210938 0.027826 0.015625
5 0.305217 0.234375 0.180870 0.018750
5 0.697391 0.235625 0.222609 0.020000
5 0.061739 0.235937 0.059130 0.015625
5 0.126957 0.235000 0.024348 0.013750
5 0.483478 0.235000 0.102609 0.013750
5 0.211739 0.255312 0.359130 0.020625
1 0.487391 0.273125 0.910435 0.018750
1 0.185652 0.291250 0.306957 0.017500
2 0.252609 0.381875 0.393913 0.026250
3 0.844348 0.379375 0.146087 0.018750
5 0.170435 0.405000 0.255652 0.026250
4 0.859565 0.403750 0.098261 0.017500
2 0.243913 0.430937 0.376522 0.025625
3 0.845217 0.430312 0.147826 0.020625
5 0.179130 0.453750 0.273043 0.026250
4 0.430435 0.454375 0.113043 0.018750
2 0.263043 0.480312 0.413043 0.023125
3 0.845217 0.478750 0.147826 0.020000
5 0.123478 0.501875 0.161739 0.021250
4 0.726957 0.501563 0.120000 0.015625
4 0.430435 0.503750 0.113043 0.017500
5 0.145217 0.530000 0.213913 0.020000
5 0.227826 0.551250 0.377391 0.018750
5 0.126957 0.577187 0.175652 0.016875
0 0.716087 0.610000 0.176522 0.017500
5 0.166957 0.627188 0.173913 0.016875
5 0.716957 0.635000 0.152174 0.017500
5 0.708261 0.704375 0.223478 0.027500
5 0.287391 0.756563 0.498261 0.020625
5 0.855217 0.792813 0.185217 0.014375
6 0.043478 0.031250 0.086957 0.062500
6 0.956522 0.031250 0.086957 0.062500
6 0.043478 0.968750 0.086957 0.062500
6 0.956522 0.968750 0.086957 0.062500
