5 0.103913 0.076563 0.134783 0.021875
5 0.498696 0.106875 0.306957 0.026250
5 0.764783 0.145313 0.308696 0.021875
1 0.490000 0.232500 0.915652 0.028750
1 0.203043 0.255312 0.341739 0.026875
5 0.122609 0.280625 0.177391 0.026250
2 0.403913 0.310312 0.743478 0.029375
4 0.442174 0.353750 0.393913 0.027500
3 0.100870 0.353125 0.128696 0.018750
2 0.269130 0.391250 0.479130 0.026250
4 0.449565 0.434375 0.408696 0.025000
3 0.103043 0.432500 0.133043 0.018750
5 0.086522 0.473125 0.100000 0.018750
0 0.727826 0.503125 0.330435 0.026250
5 0.731304 0.531875 0.280000 0.023750
5 0.730870 0.559375 0.225217 0.027500
5 0.730000 0.649062 0.282609 0.026875
5 0.247391 0.678125 0.386957 0.022500
5 0.464783 0.708438 0.821739 0.026875
6 0.043478 0.031250 0.086957 0.062500
6 0.956522 0.031250 0.086957 0.062500
6 0.043478 0.968750 0.086957 0.062500
6 0.956522 0.968750 0.086957 0.062500
