5 0.103913 0.076563 0.134783 0.021875
5 0.498696 0.106875 0.306957 0.026250
5 0.764783 0.145313 0.308696 0.021875
1 0.476957 0.231875 0.889565 0.026250
1 0.464783 0.256875 0.865217 0.023750
5 0.122609 0.280625 0.177391 0.026250
2 0.238696 0.311563 0.413043 0.026875
4 0.449565 0.354375 0.408696 0.028750
3 0.103913 0.352187 0.134783 0.016875
2 0.336957 0.391875 0.613043 0.025000
4 0.419130 0.433437 0.347826 0.023125
3 0.103043 0.432500 0.133043 0.018750
2 0.218261 0.471875 0.372174 0.027500
4 0.358261 0.513125 0.226087 0.023750
3 0.100870 0.513125 0.128696 0.017500
2 0.234348 0.552188 0.404348 0.023125
4 0.500870 0.593750 0.511304 0.025000
3 0.103913 0.592812 0.134783 0.016875
5 0.086522 0.633750 0.101739 0.021250
0 0.727826 0.663125 0.330435 0.023750
5 0.731304 0.692813 0.280000 0.023125
5 0.730870 0.720938 0.223478 0.023125
5 0.730000 0.810000 0.282609 0.026250
5 0.247391 0.839063 0.386957 0.021875
5 0.464783 0.869375 0.821739 0.028750
6 0.043478 0.031250 0.086957 0.062500
6 0.956522 0.031250 0.086957 0.062500
6 0.043478 0.968750 0.086957 0.062500
6 0.956522 0.968750 0.086957 0.062500
