5 0.110435 0.072188 0.156522 0.016875
5 0.138696 0.102813 0.214783 0.023125
5 0.594348 0.107500 0.225217 0.026250
5 0.853043 0.110937 0.080000 0.015625
5 0.497391 0.136563 0.321739 0.029375
5 0.826957 0.165313 0.045217 0.015625
5 0.903913 0.165313 0.030435 0.015625
5 0.433478 0.188750 0.576522 0.018750
5 0.693913 0.209375 0.064348 0.018750
5 0.585652 0.210000 0.040870 0.017500
5 0.403043 0.210000 0.028696 0.013750
5 0.487826 0.210938 0.027826 0.015625
5 0.331304 0.211562 0.015652 0.014375
5 0.305217 0.234375 0.180870 0.018750
5 0.678696 0.235625 0.185217 0.020000
5 0.061739 0.235937 0.059130 0.015625
5 0.483478 0.235625 0.097391 0.012500
5 0.485217 0.255000 0.906087 0.020000
5 0.489565 0.273125 0.914783 0.018750
5 0.488696 0.291875 0.913043 0.018750
5 0.488696 0.310312 0.913043 0.021875
5 0.212609 0.328125 0.364348 0.018750
1 0.482174 0.345938 0.900000 0.020625
1 0.468261 0.363750 0.872174 0.018750
2 0.193913 0.453750 0.276522 0.026250
3 0.845217 0.452188 0.147826 0.020625
5 0.123478 0.475625 0.161739 0.023750
4 0.726087 0.475625 0.121739 0.017500
4 0.430435 0.478125 0.113043 0.018750
2 0.353913 0.501563 0.596522 0.028125
3 0.840870 0.500313 0.139130 0.016875
5 0.118261 0.524062 0.151304 0.023125
4 0.722609 0.524062 0.114783 0.016875
4 0.426957 0.526250 0.107826 0.020000
5 0.145652 0.553125 0.213043 0.018750
5 0.124783 0.573125 0.171304 0.018750
5 0.126957 0.600000 0.175652 0.018750
0 0.716087 0.632500 0.176522 0.018750
5 0.166957 0.649062 0.173913 0.016875
5 0.716957 0.656875 0.152174 0.020000
5 0.708261 0.728125 0.178261 0.018750
5 0.287391 0.779062 0.498261 0.021875
5 0.853913 0.815312 0.182609 0.015625
6 0.043478 0.031250 0.086957 0.062500
6 0.956522 0.031250 0.086957 0.062500
6 0.043478 0.968750 0.086957 0.062500
6 0.956522 0.968750 0.086957 0.062500
