5 0.110435 0.072188 0.156522 0.016875
5 0.138696 0.102813 0.214783 0.023125
5 0.580000 0.107500 0.196522 0.026250
5 0.852174 0.110937 0.078261 0.015625
5 0.497391 0.136563 0.321739 0.029375
5 0.826957 0.165313 0.045217 0.015625
5 0.903913 0.166250 0.030435 0.013750
5 0.694348 0.210000 0.063478 0.017500
5 0.403043 0.210938 0.028696 0.015625
5 0.487826 0.210938 0.027826 0.015625
5 0.584783 0.210938 0.039130 0.015625
5 0.331304 0.210625 0.015652 0.012500
5 0.305217 0.234375 0.180870 0.018750
5 0.678696 0.235625 0.185217 0.020000
5 0.061739 0.235937 0.059130 0.015625
5 0.484783 0.235000 0.100000 0.013750
5 0.480870 0.255000 0.897391 0.020000
5 0.481304 0.273750 0.898261 0.020000
5 0.492174 0.292812 0.920000 0.016875
5 0.488696 0.310000 0.913043 0.022500
1 0.393043 0.328125 0.721739 0.018750
2 0.253043 0.436563 0.393043 0.023125
3 0.845217 0.435000 0.147826 0.020000
5 0.123478 0.457500 0.161739 0.022500
4 0.860870 0.457813 0.095652 0.015625
2 0.215652 0.485000 0.320000 0.026250
3 0.851739 0.483438 0.160870 0.020625
5 0.123478 0.506875 0.161739 0.023750
4 0.430435 0.509375 0.113043 0.018750
2 0.350870 0.534687 0.588696 0.023125
3 0.842174 0.533438 0.141739 0.020625
5 0.116957 0.555312 0.153913 0.023125
4 0.722609 0.555312 0.114783 0.016875
4 0.426957 0.557500 0.107826 0.020000
5 0.145652 0.584375 0.213043 0.018750
5 0.232609 0.605313 0.386957 0.016875
5 0.126957 0.631250 0.175652 0.018750
0 0.716957 0.663750 0.178261 0.018750
5 0.166522 0.680625 0.174783 0.021250
5 0.716957 0.688125 0.152174 0.017500
5 0.708261 0.759062 0.178261 0.020625
5 0.287391 0.810312 0.498261 0.021875
5 0.854783 0.846562 0.184348 0.015625
6 0.043478 0.031250 0.086957 0.062500
6 0.956522 0.031250 0.086957 0.062500
6 0.043478 0.968750 0.086957 0.062500
6 0.956522 0.968750 0.086957 0.062500
