5 0.110435 0.072188 0.156522 0.016875
5 0.097826 0.101875 0.131304 0.021250
5 0.594348 0.107500 0.225217 0.026250
5 0.853043 0.110937 0.080000 0.015625
5 0.497391 0.136563 0.321739 0.029375
5 0.827826 0.165625 0.043478 0.012500
5 0.903913 0.166250 0.030435 0.013750
5 0.584783 0.210000 0.039130 0.017500
5 0.693478 0.210000 0.065217 0.017500
5 0.329130 0.210938 0.014783 0.015625
5 0.403043 0.210938 0.028696 0.015625
5 0.487826 0.210938 0.027826 0.015625
5 0.305217 0.234375 0.180870 0.018750
5 0.706087 0.235313 0.240000 0.020625
5 0.126957 0.234063 0.024348 0.015625
5 0.061739 0.235937 0.059130 0.015625
5 0.484783 0.235625 0.100000 0.012500
5 0.463913 0.255312 0.863478 0.020625
5 0.447391 0.274062 0.830435 0.016875
5 0.482174 0.291250 0.900000 0.020000
5 0.425652 0.310312 0.792174 0.021875
1 0.324783 0.328125 0.585217 0.018750
2 0.193043 0.435625 0.274783 0.025000
3 0.845217 0.435000 0.147826 0.020000
5 0.123478 0.458125 0.161739 0.021250
4 0.726957 0.457813 0.120000 0.015625
4 0.430435 0.460000 0.113043 0.017500
2 0.202609 0.485312 0.293913 0.025625
3 0.845217 0.483438 0.147826 0.020625
5 0.123478 0.506875 0.161739 0.023750
4 0.726957 0.506875 0.120000 0.017500
4 0.430435 0.509375 0.113043 0.018750
2 0.235217 0.534062 0.359130 0.025625
3 0.845217 0.533438 0.147826 0.020625
5 0.118261 0.555312 0.151304 0.023125
4 0.430435 0.557500 0.113043 0.018750
5 0.145652 0.584375 0.213043 0.018750
5 0.258261 0.605313 0.440000 0.020625
5 0.126957 0.631250 0.175652 0.018750
0 0.716087 0.663750 0.176522 0.018750
5 0.166522 0.680625 0.174783 0.021250
5 0.716957 0.688125 0.152174 0.020000
5 0.708261 0.757500 0.247826 0.018750
5 0.287391 0.810312 0.498261 0.021875
5 0.854783 0.846562 0.184348 0.015625
6 0.043478 0.031250 0.086957 0.062500
6 0.956522 0.031250 0.086957 0.062500
6 0.043478 0.968750 0.086957 0.062500
6 0.956522 0.968750 0.086957 0.062500
