5 0.103913 0.076563 0.134783 0.021875
5 0.498696 0.106875 0.306957 0.026250
5 0.764783 0.145313 0.308696 0.021875
1 0.464783 0.231875 0.865217 0.026250
1 0.493043 0.256875 0.921739 0.023750
1 0.418261 0.281250 0.772174 0.027500
5 0.121739 0.305000 0.179130 0.027500
2 0.429130 0.335938 0.793913 0.028125
4 0.442174 0.377188 0.393913 0.023125
3 0.100870 0.377188 0.128696 0.016875
2 0.255217 0.415000 0.449565 0.025000
4 0.362609 0.458750 0.236522 0.028750
3 0.103913 0.456875 0.134783 0.017500
2 0.403913 0.495312 0.743478 0.028125
4 0.443043 0.538750 0.395652 0.025000
3 0.100435 0.536875 0.127826 0.018750
2 0.253043 0.575937 0.441739 0.026875
4 0.368261 0.617812 0.246087 0.023125
3 0.103043 0.617812 0.133043 0.016875
5 0.260435 0.656875 0.447826 0.027500
0 0.727826 0.688125 0.330435 0.023750
5 0.731304 0.717187 0.280000 0.021875
5 0.730870 0.745938 0.223478 0.023125
5 0.730000 0.835938 0.282609 0.021875
5 0.247391 0.863125 0.386957 0.020000
5 0.464783 0.894062 0.821739 0.026875
6 0.043478 0.031250 0.086957 0.062500
6 0.956522 0.031250 0.086957 0.062500
6 0.043478 0.968750 0.086957 0.062500
6 0.956522 0.968750 0.086957 0.062500
