5 0.110435 0.072188 0.156522 0.016875
5 0.139565 0.102813 0.216522 0.023125
5 0.594348 0.107500 0.225217 0.026250
5 0.853043 0.110937 0.080000 0.015625
5 0.497391 0.136563 0.321739 0.029375
5 0.862609 0.166250 0.113043 0.013750
5 0.584783 0.210000 0.039130 0.017500
5 0.694348 0.210000 0.063478 0.017500
5 0.256522 0.210000 0.034783 0.013750
5 0.403043 0.210938 0.028696 0.015625
5 0.487826 0.210938 0.027826 0.015625
5 0.330000 0.210625 0.013043 0.012500
5 0.306522 0.234375 0.178261 0.018750
5 0.697391 0.235625 0.222609 0.020000
5 0.126957 0.234063 0.024348 0.015625
5 0.061739 0.235937 0.059130 0.015625
5 0.483478 0.235000 0.102609 0.013750
5 0.096087 0.255312 0.129565 0.020625
1 0.318261 0.273438 0.572174 0.019375
2 0.252609 0.381875 0.393913 0.026250
3 0.844348 0.380000 0.146087 0.021250
5 0.170435 0.405000 0.255652 0.026250
4 0.859565 0.403750 0.098261 0.017500
4 0.430435 0.406250 0.113043 0.018750
5 0.145652 0.431875 0.213043 0.017500
5 0.228261 0.453750 0.378261 0.017500
5 0.126522 0.480312 0.176522 0.020625
0 0.716087 0.513125 0.176522 0.017500
5 0.166957 0.528750 0.173913 0.017500
5 0.716957 0.536563 0.152174 0.016875
5 0.708696 0.607187 0.222609 0.025625
5 0.287391 0.658750 0.498261 0.021250
5 0.854783 0.695312 0.184348 0.015625
6 0.043478 0.031250 0.086957 0.062500
6 0.956522 0.031250 0.086957 0.062500
6 0.043478 0.968750 0.086957 0.062500
6 0.956522 0.968750 0.086957 0.062500
