5 0.111688 0.043310 0.075325 0.021831
5 0.110390 0.084155 0.153247 0.017606
5 0.594156 0.087676 0.222078 0.019014
5 0.855195 0.091197 0.081818 0.010563
5 0.496104 0.108803 0.319481 0.021831
5 0.864286 0.131690 0.115584 0.011268
5 0.585714 0.164789 0.044156 0.014085
5 0.695455 0.164789 0.066234 0.014085
5 0.331818 0.165493 0.175325 0.012676
5 0.490909 0.166197 0.025974 0.011268
5 0.309091 0.183803 0.176623 0.012676
5 0.065584 0.184859 0.058442 0.010563
5 0.680519 0.185563 0.187013 0.011972
5 0.474675 0.198592 0.881818 0.014085
5 0.451299 0.213732 0.829870 0.011972
5 0.491558 0.227817 0.910390 0.011972
5 0.157792 0.240141 0.242857 0.012676
1 0.470130 0.253521 0.867532 0.014085
1 0.496104 0.266549 0.924675 0.019014
1 0.117532 0.281338 0.162338 0.014789
2 0.198052 0.333451 0.276623 0.020423
3 0.837662 0.332394 0.132468 0.015493
5 0.127922 0.351408 0.164935 0.015493
4 0.431818 0.352113 0.115584 0.014085
2 0.273377 0.370775 0.432468 0.020423
3 0.844805 0.369718 0.146753 0.015493
5 0.123377 0.388380 0.150649 0.016197
4 0.727922 0.388028 0.120779 0.014085
4 0.433117 0.390141 0.112987 0.012676
5 0.149351 0.409155 0.212987 0.015493
5 0.127922 0.425352 0.170130 0.014085
5 0.130519 0.444366 0.175325 0.014085
0 0.716883 0.469014 0.179221 0.014085
5 0.170779 0.481690 0.175325 0.014085
5 0.720130 0.488732 0.149351 0.012676
5 0.709740 0.541901 0.222078 0.016197
5 0.290909 0.579930 0.496104 0.017606
5 0.855195 0.606690 0.190909 0.013380
6 0.064935 0.035211 0.129870 0.070423
6 0.935065 0.035211 0.129870 0.070423
6 0.064935 0.964789 0.129870 0.070423
6 0.935065 0.964789 0.129870 0.070423
