5 0.112500 0.040187 0.072368 0.028037
5 0.101974 0.094393 0.135526 0.022430
5 0.604605 0.099533 0.230263 0.027103
5 0.864474 0.101869 0.081579 0.016822
5 0.505263 0.128037 0.326316 0.028037
5 0.838816 0.157477 0.046053 0.015888
5 0.916447 0.157477 0.030263 0.015888
5 0.409211 0.201869 0.028947 0.016822
5 0.495395 0.201402 0.027632 0.015888
5 0.594737 0.201402 0.042105 0.015888
5 0.705263 0.201402 0.065789 0.015888
5 0.687500 0.227103 0.190789 0.022430
5 0.311184 0.226168 0.180263 0.018692
5 0.066447 0.226168 0.059211 0.014953
5 0.490132 0.246729 0.906579 0.018692
5 0.294079 0.265421 0.514474 0.018692
1 0.503289 0.281308 0.932895 0.020561
1 0.102632 0.300467 0.136842 0.017757
2 0.210526 0.390187 0.300000 0.028972
3 0.857237 0.389720 0.148684 0.020561
5 0.128289 0.411682 0.167105 0.023364
4 0.736184 0.412150 0.119737 0.014953
4 0.437500 0.414486 0.114474 0.017757
2 0.220395 0.439252 0.325000 0.026168
3 0.857237 0.437850 0.148684 0.019626
5 0.122368 0.461215 0.155263 0.025234
4 0.735526 0.461215 0.121053 0.017757
4 0.437500 0.462617 0.114474 0.016822
2 0.234868 0.488318 0.351316 0.025234
3 0.857237 0.485981 0.148684 0.020561
5 0.128289 0.509813 0.167105 0.023364
4 0.437500 0.513084 0.114474 0.016822
5 0.151316 0.537850 0.215789 0.017757
5 0.128947 0.559813 0.171053 0.016822
5 0.131579 0.585047 0.176316 0.018692
0 0.726974 0.618692 0.180263 0.018692
5 0.173026 0.634579 0.175000 0.016822
5 0.726974 0.642523 0.153947 0.017757
5 0.719737 0.712150 0.205263 0.026168
5 0.294079 0.764953 0.501316 0.021495
5 0.865789 0.801402 0.189474 0.015888
6 0.065789 0.046729 0.131579 0.093458
6 0.934211 0.046729 0.131579 0.093458
6 0.065789 0.953271 0.131579 0.093458
6 0.934211 0.953271 0.131579 0.093458
