5 0.110435 0.072500 0.156522 0.017500
5 0.097826 0.101875 0.131304 0.021250
5 0.594348 0.107500 0.225217 0.026250
5 0.853043 0.110937 0.080000 0.015625
5 0.496522 0.136563 0.320000 0.029375
5 0.827826 0.165625 0.043478 0.012500
5 0.904783 0.166875 0.032174 0.015000
5 0.694348 0.210000 0.063478 0.017500
5 0.403043 0.210938 0.028696 0.015625
5 0.487826 0.210938 0.027826 0.015625
5 0.584783 0.210938 0.039130 0.015625
5 0.331304 0.211562 0.015652 0.014375
5 0.697391 0.235000 0.222609 0.021250
5 0.305217 0.235000 0.180870 0.017500
5 0.085217 0.235313 0.106087 0.015625
5 0.484783 0.235625 0.100000 0.012500
5 0.096087 0.255625 0.129565 0.020000
1 0.379130 0.272813 0.693913 0.021875
2 0.193043 0.382500 0.274783 0.025000
3 0.845217 0.380312 0.147826 0.020625
5 0.123478 0.403750 0.161739 0.023750
4 0.726087 0.403750 0.121739 0.017500
4 0.430435 0.406250 0.113043 0.018750
2 0.198261 0.430937 0.285217 0.025625
3 0.844348 0.429375 0.146087 0.018750
5 0.123478 0.452500 0.161739 0.023750
4 0.859565 0.452188 0.098261 0.016875
5 0.145652 0.481250 0.213043 0.018750
5 0.263478 0.502188 0.450435 0.020625
5 0.126957 0.528750 0.175652 0.017500
0 0.716087 0.561562 0.176522 0.016875
5 0.166957 0.577812 0.173913 0.015625
5 0.716957 0.585000 0.152174 0.020000
5 0.708261 0.654375 0.247826 0.018750
5 0.287391 0.707187 0.498261 0.021875
5 0.855217 0.743437 0.185217 0.015625
6 0.043478 0.031250 0.086957 0.062500
6 0.956522 0.031250 0.086957 0.062500
6 0.043478 0.968750 0.086957 0.062500
6 0.956522 0.968750 0.086957 0.062500
