5 0.103913 0.076563 0.134783 0.021875
5 0.498696 0.106875 0.306957 0.026250
5 0.764783 0.145313 0.308696 0.021875
1 0.299565 0.231875 0.534783 0.026250
5 0.121304 0.261875 0.178261 0.026250
2 0.429130 0.292500 0.793913 0.027500
4 0.442174 0.333437 0.393913 0.023125
3 0.100870 0.333437 0.128696 0.016875
5 0.260435 0.372188 0.447826 0.025625
0 0.727826 0.403125 0.330435 0.026250
5 0.731304 0.432812 0.280000 0.021875
5 0.731304 0.461562 0.224348 0.023125
5 0.730000 0.548438 0.230435 0.021875
5 0.247391 0.578125 0.386957 0.022500
5 0.464783 0.610000 0.821739 0.026250
6 0.043478 0.031250 0.086957 0.062500
6 0.956522 0.031250 0.086957 0.062500
6 0.043478 0.968750 0.086957 0.062500
6 0.956522 0.968750 0.086957 0.062500
