5 0.112500 0.040187 0.072368 0.028037
5 0.100658 0.094393 0.132895 0.022430
5 0.604605 0.100000 0.230263 0.029907
5 0.863816 0.101869 0.080263 0.016822
5 0.505263 0.128037 0.326316 0.028037
5 0.837500 0.157477 0.048684 0.015888
5 0.916447 0.157477 0.030263 0.015888
5 0.409211 0.201869 0.028947 0.016822
5 0.495395 0.201402 0.027632 0.015888
5 0.593421 0.201869 0.039474 0.016822
5 0.703289 0.201869 0.067105 0.016822
5 0.336842 0.202804 0.015789 0.013084
5 0.687500 0.227103 0.190789 0.022430
5 0.311184 0.226168 0.180263 0.018692
5 0.066447 0.226168 0.059211 0.014953
5 0.490132 0.247664 0.906579 0.018692
5 0.243421 0.265421 0.413158 0.018692
1 0.374342 0.281308 0.675000 0.020561
2 0.209211 0.391121 0.297368 0.027103
3 0.850000 0.389720 0.134211 0.020561
5 0.127632 0.412150 0.165789 0.022430
4 0.437500 0.414486 0.114474 0.017757
5 0.151316 0.441121 0.215789 0.016822
5 0.128947 0.461682 0.171053 0.018692
5 0.131579 0.487383 0.176316 0.019626
0 0.726974 0.520561 0.180263 0.016822
5 0.173026 0.537850 0.175000 0.017757
5 0.726974 0.545794 0.153947 0.016822
5 0.718421 0.614019 0.189474 0.022430
5 0.294079 0.666355 0.501316 0.022430
5 0.867105 0.702336 0.186842 0.015888
6 0.065789 0.046729 0.131579 0.093458
6 0.934211 0.046729 0.131579 0.093458
6 0.065789 0.953271 0.131579 0.093458
6 0.934211 0.953271 0.131579 0.093458
