5 0.103913 0.076563 0.134783 0.021875
5 0.498696 0.106875 0.306957 0.026250
5 0.764783 0.145313 0.308696 0.021875
1 0.461739 0.232187 0.859130 0.028125
1 0.479130 0.256563 0.893913 0.028125
1 0.482174 0.280000 0.900000 0.026250
1 0.083478 0.301563 0.106087 0.021875
5 0.121304 0.328750 0.178261 0.026250
2 0.227826 0.360000 0.391304 0.026250
4 0.512609 0.402187 0.534783 0.023125
3 0.103913 0.401250 0.134783 0.018750
2 0.402609 0.439063 0.746087 0.030625
4 0.443043 0.482500 0.395652 0.025000
3 0.100870 0.481250 0.128696 0.018750
5 0.086522 0.521875 0.100000 0.018750
0 0.729130 0.551562 0.333043 0.026875
5 0.730870 0.580625 0.280870 0.025000
5 0.730870 0.609062 0.223478 0.021875
5 0.729130 0.697187 0.277391 0.034375
5 0.247391 0.727812 0.386957 0.021875
5 0.464783 0.757500 0.821739 0.025000
6 0.043478 0.031250 0.086957 0.062500
6 0.956522 0.031250 0.086957 0.062500
6 0.043478 0.968750 0.086957 0.062500
6 0.956522 0.968750 0.086957 0.062500
