5 0.147391 0.069687 0.230435 0.020625
5 0.586522 0.107500 0.209565 0.026250
5 0.853043 0.110937 0.080000 0.015625
5 0.496522 0.136563 0.320000 0.029375
5 0.827826 0.165625 0.043478 0.012500
5 0.905217 0.166875 0.027826 0.012500
5 0.330435 0.210938 0.017391 0.015625
5 0.403043 0.210938 0.028696 0.015625
5 0.487826 0.210938 0.027826 0.015625
5 0.584783 0.210938 0.039130 0.015625
5 0.694348 0.210938 0.063478 0.015625
5 0.698261 0.235000 0.224348 0.021250
5 0.305217 0.235000 0.180870 0.017500
5 0.085652 0.235937 0.106957 0.015625
5 0.484783 0.235625 0.100000 0.012500
5 0.096087 0.255312 0.129565 0.020625
1 0.475652 0.272500 0.886957 0.020000
2 0.225652 0.381875 0.340000 0.026250
3 0.845217 0.380312 0.147826 0.020625
5 0.123478 0.403750 0.161739 0.023750
4 0.726957 0.403750 0.120000 0.017500
4 0.430435 0.406250 0.113043 0.018750
2 0.203913 0.430937 0.296522 0.025625
3 0.845217 0.430312 0.147826 0.020625
5 0.123478 0.452500 0.161739 0.023750
4 0.726957 0.452188 0.120000 0.016875
4 0.430435 0.454375 0.113043 0.018750
2 0.353913 0.478125 0.596522 0.028750
3 0.841739 0.478438 0.140870 0.020625
5 0.123478 0.501875 0.161739 0.021250
4 0.722609 0.500625 0.114783 0.017500
4 0.426957 0.503750 0.106087 0.017500
5 0.145652 0.530312 0.213043 0.016875
5 0.124348 0.551250 0.172174 0.020000
5 0.126957 0.577187 0.175652 0.016875
0 0.716087 0.610000 0.176522 0.017500
5 0.166957 0.627188 0.173913 0.016875
5 0.716957 0.634375 0.152174 0.018750
5 0.708696 0.704688 0.200000 0.015625
5 0.287391 0.756563 0.498261 0.020625
5 0.854783 0.792188 0.184348 0.015625
6 0.043478 0.031250 0.086957 0.062500
6 0.956522 0.031250 0.086957 0.062500
6 0.043478 0.968750 0.086957 0.062500
6 0.956522 0.968750 0.086957 0.062500
