5 0.110435 0.072188 0.156522 0.016875
5 0.138696 0.102813 0.214783 0.023125
5 0.594348 0.107500 0.225217 0.026250
5 0.853043 0.110937 0.080000 0.015625
5 0.497391 0.136563 0.321739 0.029375
5 0.826957 0.164687 0.045217 0.014375
5 0.903913 0.165313 0.030435 0.015625
5 0.694348 0.210000 0.063478 0.017500
5 0.403043 0.210938 0.028696 0.015625
5 0.487826 0.210938 0.027826 0.015625
5 0.584783 0.210938 0.039130 0.015625
5 0.330000 0.211562 0.013043 0.014375
5 0.305217 0.234375 0.180870 0.018750
5 0.678696 0.235625 0.185217 0.020000
5 0.061739 0.235937 0.059130 0.015625
5 0.484783 0.235000 0.100000 0.013750
5 0.487826 0.255312 0.911304 0.020625
5 0.463913 0.273125 0.863478 0.018750
5 0.493043 0.291875 0.921739 0.018750
5 0.466957 0.310625 0.869565 0.018750
5 0.062609 0.326562 0.064348 0.020625
1 0.318261 0.345000 0.572174 0.018750
2 0.252609 0.453750 0.393913 0.026250
3 0.844348 0.451250 0.146087 0.018750
5 0.123478 0.475625 0.161739 0.023750
4 0.859565 0.475625 0.098261 0.017500
2 0.243913 0.502812 0.376522 0.025625
3 0.845217 0.502188 0.147826 0.020625
5 0.177826 0.525625 0.275652 0.026250
4 0.430435 0.526250 0.113043 0.018750
5 0.145652 0.553125 0.213043 0.018750
5 0.237826 0.573125 0.397391 0.018750
5 0.126957 0.600000 0.175652 0.018750
0 0.716087 0.632500 0.176522 0.018750
5 0.166957 0.649062 0.173913 0.016875
5 0.716957 0.656875 0.152174 0.020000
5 0.708261 0.728125 0.178261 0.018750
5 0.287391 0.779062 0.498261 0.021875
5 0.854783 0.815312 0.184348 0.015625
6 0.043478 0.031250 0.086957 0.062500
6 0.956522 0.031250 0.086957 0.062500
6 0.043478 0.968750 0.086957 0.062500
6 0.956522 0.968750 0.086957 0.062500
