5 0.111688 0.043310 0.075325 0.021831
5 0.588961 0.086972 0.211688 0.020423
5 0.851948 0.089437 0.080519 0.014085
5 0.496104 0.108803 0.319481 0.021831
5 0.827922 0.131690 0.042857 0.011268
5 0.907143 0.131690 0.029870 0.011268
5 0.585714 0.164789 0.044156 0.014085
5 0.696753 0.165493 0.063636 0.012676
5 0.309091 0.183803 0.176623 0.012676
5 0.066883 0.184859 0.061039 0.010563
5 0.680519 0.185563 0.187013 0.011972
5 0.100000 0.199296 0.127273 0.014085
1 0.403896 0.211972 0.740260 0.015493
2 0.207143 0.292606 0.294805 0.020423
3 0.842208 0.291901 0.141558 0.016197
5 0.127273 0.310915 0.166234 0.019014
2 0.214286 0.329930 0.314286 0.020423
3 0.844805 0.329577 0.146753 0.015493
5 0.127922 0.347535 0.164935 0.017606
2 0.205195 0.366197 0.298701 0.023944
3 0.844805 0.365493 0.146753 0.015493
5 0.123377 0.385211 0.150649 0.014085
5 0.149351 0.404930 0.212987 0.014085
5 0.127922 0.421479 0.170130 0.011972
5 0.130519 0.440845 0.175325 0.014085
0 0.718182 0.464789 0.181818 0.014085
5 0.170130 0.478169 0.176623 0.016901
5 0.718182 0.483099 0.153247 0.014085
5 0.709740 0.536268 0.198701 0.017606
5 0.290909 0.575352 0.496104 0.016901
5 0.855195 0.602817 0.190909 0.012676
6 0.064935 0.035211 0.129870 0.070423
6 0.935065 0.035211 0.129870 0.070423
6 0.064935 0.964789 0.129870 0.070423
6 0.935065 0.964789 0.129870 0.070423
