5 0.110390 0.043310 0.077922 0.021831
5 0.106494 0.083803 0.145455 0.016901
5 0.596104 0.087676 0.225974 0.019014
5 0.853896 0.090141 0.084416 0.012676
5 0.498052 0.109859 0.323377 0.023944
5 0.827922 0.131690 0.042857 0.011268
5 0.907143 0.131690 0.029870 0.011268
5 0.585714 0.164789 0.044156 0.014085
5 0.695455 0.164789 0.066234 0.014085
5 0.490909 0.166197 0.025974 0.011268
5 0.310390 0.183803 0.179221 0.012676
5 0.065584 0.184859 0.058442 0.010563
5 0.680519 0.185563 0.187013 0.011972
5 0.483117 0.198592 0.898701 0.014085
5 0.483117 0.212676 0.893506 0.014085
5 0.491558 0.227817 0.910390 0.011972
5 0.366234 0.240141 0.659740 0.012676
1 0.480519 0.252817 0.893506 0.015493
1 0.061039 0.267606 0.049351 0.011268
3 0.844805 0.332394 0.146753 0.015493
2 0.227273 0.334155 0.335065 0.019014
5 0.182468 0.352113 0.274026 0.014085
4 0.440260 0.352113 0.132468 0.014085
2 0.261688 0.371479 0.409091 0.019014
3 0.844805 0.369718 0.146753 0.015493
5 0.123377 0.388380 0.150649 0.016197
4 0.433117 0.390141 0.112987 0.012676
5 0.149351 0.409155 0.212987 0.015493
5 0.127922 0.425352 0.170130 0.014085
5 0.227273 0.444014 0.368831 0.017606
0 0.718182 0.469014 0.181818 0.014085
5 0.170779 0.481690 0.175325 0.014085
5 0.720130 0.488732 0.149351 0.012676
5 0.708442 0.540141 0.190909 0.018310
5 0.290909 0.579930 0.496104 0.017606
5 0.855195 0.606690 0.190909 0.013380
6 0.064935 0.035211 0.129870 0.070423
6 0.935065 0.035211 0.129870 0.070423
6 0.064935 0.964789 0.129870 0.070423
6 0.935065 0.964789 0.129870 0.070423
