5 0.103913 0.076563 0.134783 0.021875
5 0.498696 0.106875 0.306957 0.026250
5 0.899565 0.141250 0.039130 0.017500
5 0.723478 0.145313 0.226087 0.021875
1 0.488696 0.231563 0.913043 0.026875
1 0.465652 0.256250 0.872174 0.028750
1 0.153913 0.278750 0.243478 0.023750
5 0.121739 0.305000 0.179130 0.027500
2 0.257391 0.335938 0.450435 0.028125
4 0.361739 0.377188 0.233043 0.023125
3 0.103043 0.377188 0.133043 0.016875
2 0.402609 0.415000 0.746087 0.028750
4 0.443043 0.458437 0.395652 0.026875
3 0.100870 0.456875 0.128696 0.017500
5 0.087826 0.498437 0.102609 0.021875
0 0.729130 0.527188 0.333043 0.023125
5 0.731304 0.556875 0.280000 0.023750
5 0.731304 0.585000 0.224348 0.023750
5 0.730000 0.674063 0.282609 0.026875
5 0.247391 0.702812 0.386957 0.021875
5 0.464783 0.733437 0.821739 0.026875
6 0.043478 0.031250 0.086957 0.062500
6 0.956522 0.031250 0.086957 0.062500
6 0.043478 0.968750 0.086957 0.062500
6 0.956522 0.968750 0.086957 0.062500
