5 0.110435 0.072500 0.156522 0.017500
5 0.097826 0.101875 0.131304 0.021250
5 0.580000 0.107500 0.196522 0.026250
5 0.853043 0.110937 0.080000 0.015625
5 0.496522 0.136563 0.320000 0.029375
5 0.826957 0.164687 0.045217 0.014375
5 0.903913 0.165313 0.030435 0.015625
5 0.694348 0.210000 0.063478 0.017500
5 0.330435 0.210938 0.017391 0.015625
5 0.403043 0.210938 0.028696 0.015625
5 0.487826 0.210938 0.027826 0.015625
5 0.584783 0.210938 0.039130 0.015625
5 0.706087 0.235313 0.240000 0.020625
5 0.305217 0.235000 0.180870 0.017500
5 0.061739 0.235937 0.059130 0.015625
5 0.128261 0.235625 0.021739 0.012500
5 0.483478 0.235625 0.097391 0.012500
5 0.096087 0.255312 0.129565 0.020625
1 0.493043 0.272500 0.921739 0.020000
1 0.179130 0.292187 0.293913 0.019375
2 0.287391 0.382188 0.463478 0.026875
3 0.840870 0.380312 0.139130 0.016875
5 0.123478 0.403750 0.161739 0.023750
4 0.722609 0.403750 0.114783 0.017500
4 0.426957 0.406250 0.106087 0.018750
2 0.213478 0.431250 0.315652 0.025000
3 0.844348 0.429375 0.146087 0.018750
5 0.123478 0.452500 0.161739 0.023750
4 0.868261 0.452188 0.115652 0.016875
5 0.145652 0.481250 0.213043 0.018750
5 0.215217 0.502188 0.352174 0.016875
5 0.126957 0.528750 0.175652 0.017500
0 0.716957 0.561562 0.178261 0.016875
5 0.166957 0.577812 0.173913 0.015625
5 0.716957 0.585000 0.152174 0.020000
5 0.708261 0.655312 0.235652 0.023125
5 0.287391 0.707187 0.498261 0.021875
5 0.854783 0.743437 0.184348 0.015625
6 0.043478 0.031250 0.086957 0.062500
6 0.956522 0.031250 0.086957 0.062500
6 0.043478 0.968750 0.086957 0.062500
6 0.956522 0.968750 0.086957 0.062500
