5 0.112500 0.040187 0.072368 0.028037
5 0.107237 0.093925 0.146053 0.021495
5 0.604605 0.100000 0.230263 0.029907
5 0.864474 0.102336 0.081579 0.015888
5 0.505263 0.128037 0.326316 0.028037
5 0.838816 0.157477 0.046053 0.015888
5 0.916447 0.157477 0.030263 0.015888
5 0.263158 0.201869 0.031579 0.016822
5 0.409211 0.201869 0.028947 0.016822
5 0.495395 0.201402 0.027632 0.015888
5 0.594737 0.201869 0.042105 0.016822
5 0.703289 0.201869 0.067105 0.016822
5 0.336184 0.201869 0.017105 0.014953
5 0.687500 0.227103 0.190789 0.022430
5 0.312500 0.226168 0.182895 0.018692
5 0.066447 0.226168 0.059211 0.014953
5 0.226974 0.247196 0.380263 0.017757
1 0.495395 0.265421 0.917105 0.018692
1 0.171053 0.283645 0.273684 0.021495
1 0.117105 0.370561 0.165789 0.017757
2 0.221711 0.395794 0.322368 0.027103
3 0.857237 0.394393 0.151316 0.022430
5 0.128289 0.417757 0.167105 0.024299
4 0.736184 0.417757 0.119737 0.016822
4 0.437500 0.419626 0.114474 0.018692
4 0.137500 0.442991 0.206579 0.018692
2 0.243421 0.466822 0.371053 0.028972
3 0.857237 0.465888 0.148684 0.019626
5 0.175000 0.489720 0.260526 0.022430
4 0.736842 0.489252 0.121053 0.017757
4 0.437500 0.491589 0.114474 0.018692
2 0.230263 0.515888 0.344737 0.026168
3 0.857237 0.514486 0.148684 0.019626
5 0.184211 0.538318 0.278947 0.022430
4 0.437500 0.540187 0.114474 0.018692
2 0.342105 0.564486 0.563158 0.026168
3 0.857237 0.564486 0.148684 0.020561
5 0.184211 0.587850 0.278947 0.024299
4 0.437500 0.588785 0.114474 0.018692
5 0.151316 0.614486 0.215789 0.017757
5 0.129605 0.636916 0.172368 0.019626
5 0.226316 0.661215 0.365789 0.021495
0 0.726974 0.694860 0.180263 0.019626
5 0.173026 0.711215 0.175000 0.016822
5 0.726974 0.719159 0.153947 0.017757
5 0.718421 0.790654 0.228947 0.020561
5 0.294079 0.840654 0.501316 0.019626
5 0.868421 0.877570 0.189474 0.014953
6 0.065789 0.046729 0.131579 0.093458
6 0.934211 0.046729 0.131579 0.093458
6 0.065789 0.953271 0.131579 0.093458
6 0.934211 0.953271 0.131579 0.093458
