5 0.111688 0.043310 0.075325 0.021831
5 0.100000 0.083803 0.135065 0.018310
5 0.596104 0.087676 0.225974 0.019014
5 0.853896 0.089437 0.084416 0.014085
5 0.498052 0.109859 0.323377 0.023944
5 0.827922 0.131690 0.042857 0.011268
5 0.907143 0.131690 0.029870 0.011268
5 0.585714 0.164789 0.044156 0.014085
5 0.695455 0.164789 0.066234 0.014085
5 0.489610 0.166197 0.028571 0.011268
5 0.310390 0.183803 0.179221 0.012676
5 0.065584 0.184859 0.058442 0.010563
5 0.680519 0.185563 0.187013 0.011972
5 0.484416 0.200704 0.896104 0.014085
5 0.492208 0.212676 0.916883 0.014085
5 0.233766 0.227817 0.394805 0.011972
1 0.494805 0.240141 0.922078 0.015493
1 0.294805 0.254225 0.522078 0.015493
2 0.346753 0.321479 0.574026 0.019014
3 0.844805 0.319718 0.146753 0.015493
5 0.127922 0.338380 0.164935 0.017606
4 0.726623 0.338028 0.123377 0.014085
4 0.431818 0.339437 0.115584 0.014085
2 0.222727 0.357042 0.331169 0.022535
3 0.844805 0.357746 0.146753 0.015493
5 0.123377 0.375704 0.150649 0.017606
4 0.859740 0.375352 0.101299 0.014085
5 0.149351 0.395775 0.212987 0.014085
5 0.125974 0.412676 0.174026 0.016901
5 0.130519 0.431690 0.175325 0.014085
0 0.718182 0.455634 0.181818 0.015493
5 0.170779 0.469014 0.175325 0.014085
5 0.718182 0.473944 0.153247 0.016901
5 0.708442 0.526761 0.190909 0.014085
5 0.290260 0.566901 0.494805 0.015493
5 0.855195 0.593662 0.190909 0.012676
6 0.064935 0.035211 0.129870 0.070423
6 0.935065 0.035211 0.129870 0.070423
6 0.064935 0.964789 0.129870 0.070423
6 0.935065 0.964789 0.129870 0.070423
