5 0.151739 0.070000 0.239130 0.018750
5 0.586522 0.107500 0.209565 0.026250
5 0.852174 0.110937 0.078261 0.015625
5 0.496522 0.136563 0.320000 0.029375
5 0.826957 0.164687 0.045217 0.014375
5 0.905217 0.166875 0.027826 0.012500
5 0.694348 0.209063 0.063478 0.015625
5 0.330435 0.210938 0.017391 0.015625
5 0.403043 0.210938 0.028696 0.015625
5 0.487826 0.210938 0.027826 0.015625
5 0.584783 0.210938 0.039130 0.015625
5 0.678696 0.235625 0.185217 0.020000
5 0.306522 0.235000 0.178261 0.017500
5 0.061739 0.235937 0.059130 0.015625
5 0.096087 0.255312 0.129565 0.020625
1 0.340870 0.272500 0.617391 0.020000
2 0.225652 0.381875 0.340000 0.026250
3 0.845217 0.380312 0.147826 0.020625
5 0.123478 0.403750 0.161739 0.023750
4 0.726087 0.403750 0.121739 0.017500
4 0.430435 0.406250 0.113043 0.018750
2 0.353913 0.429688 0.596522 0.028125
3 0.841739 0.429063 0.142609 0.023125
5 0.123478 0.452500 0.161739 0.023750
4 0.723478 0.452188 0.113043 0.016875
4 0.426957 0.454375 0.107826 0.020000
5 0.145652 0.481250 0.213043 0.018750
5 0.124783 0.502188 0.171304 0.016875
5 0.126957 0.528750 0.175652 0.017500
0 0.716087 0.561562 0.176522 0.016875
5 0.166957 0.577812 0.173913 0.015625
5 0.716957 0.585000 0.152174 0.020000
5 0.708261 0.655312 0.204348 0.016875
5 0.287391 0.707187 0.498261 0.021875
5 0.853913 0.743437 0.182609 0.015625
6 0.043478 0.031250 0.086957 0.062500
6 0.956522 0.031250 0.086957 0.062500
6 0.043478 0.968750 0.086957 0.062500
6 0.956522 0.968750 0.086957 0.062500
