5 0.110435 0.072500 0.156522 0.017500
5 0.139565 0.102813 0.216522 0.023125
5 0.594348 0.107500 0.225217 0.026250
5 0.852174 0.110937 0.078261 0.015625
5 0.497391 0.136563 0.321739 0.029375
5 0.826957 0.165313 0.045217 0.015625
5 0.903913 0.165313 0.030435 0.015625
5 0.584783 0.210000 0.039130 0.017500
5 0.694348 0.210000 0.063478 0.017500
5 0.403043 0.210938 0.028696 0.015625
5 0.487826 0.210938 0.027826 0.015625
5 0.331304 0.210625 0.015652 0.012500
5 0.305217 0.234375 0.180870 0.018750
5 0.697391 0.235625 0.222609 0.020000
5 0.061739 0.235937 0.059130 0.015625
5 0.127826 0.235000 0.026087 0.013750
5 0.484783 0.235625 0.100000 0.012500
5 0.466957 0.255312 0.869565 0.020625
5 0.484348 0.274062 0.904348 0.020625
5 0.493043 0.292500 0.921739 0.017500
5 0.466957 0.310625 0.869565 0.018750
5 0.137826 0.326875 0.211304 0.021250
1 0.490000 0.345000 0.915652 0.018750
1 0.136522 0.363125 0.208696 0.017500
2 0.252609 0.453750 0.393913 0.026250
3 0.844348 0.451250 0.146087 0.018750
5 0.170435 0.476875 0.255652 0.025000
4 0.859565 0.475625 0.098261 0.017500
2 0.243913 0.502812 0.376522 0.025625
3 0.845217 0.502188 0.147826 0.020625
5 0.179130 0.525625 0.273043 0.026250
4 0.430435 0.526250 0.113043 0.018750
2 0.243043 0.551250 0.374783 0.025000
3 0.845217 0.550625 0.147826 0.020000
5 0.118261 0.572500 0.151304 0.023750
4 0.726957 0.572500 0.120000 0.017500
4 0.430435 0.575625 0.113043 0.017500
5 0.145652 0.602187 0.213043 0.016875
5 0.233478 0.623125 0.388696 0.018750
5 0.126957 0.649062 0.175652 0.016875
0 0.716087 0.681875 0.176522 0.017500
5 0.166957 0.699063 0.173913 0.016875
5 0.716957 0.705313 0.152174 0.020625
5 0.708261 0.775937 0.223478 0.026875
5 0.287391 0.828125 0.498261 0.023750
5 0.854783 0.863437 0.184348 0.015625
6 0.043478 0.031250 0.086957 0.062500
6 0.956522 0.031250 0.086957 0.062500
6 0.043478 0.968750 0.086957 0.062500
6 0.956522 0.968750 0.086957 0.062500
