5 0.103913 0.076563 0.134783 0.021875
5 0.498696 0.106875 0.306957 0.026250
5 0.899565 0.141250 0.039130 0.017500
5 0.723478 0.145313 0.226087 0.021875
1 0.457391 0.231875 0.850435 0.030000
1 0.485652 0.255937 0.906957 0.021875
5 0.121739 0.280625 0.179130 0.026250
2 0.261739 0.311563 0.459130 0.026875
4 0.433478 0.353750 0.376522 0.027500
3 0.103913 0.352187 0.134783 0.016875
2 0.269565 0.391250 0.478261 0.023750
4 0.433043 0.433125 0.375652 0.023750
3 0.103043 0.432500 0.133043 0.018750
2 0.246522 0.471562 0.428696 0.028125
4 0.433478 0.513125 0.376522 0.023750
3 0.103913 0.513125 0.134783 0.017500
2 0.403913 0.550937 0.743478 0.029375
4 0.427826 0.594375 0.365217 0.026250
3 0.100870 0.592812 0.128696 0.016875
5 0.086522 0.633437 0.101739 0.021875
0 0.727826 0.663125 0.330435 0.023750
5 0.731304 0.692813 0.280000 0.023125
5 0.730870 0.720938 0.223478 0.023125
5 0.730435 0.811562 0.217391 0.023125
5 0.247391 0.839063 0.386957 0.021875
5 0.464783 0.869375 0.821739 0.028750
6 0.043478 0.031250 0.086957 0.062500
6 0.956522 0.031250 0.086957 0.062500
6 0.043478 0.968750 0.086957 0.062500
6 0.956522 0.968750 0.086957 0.062500
