5 0.110435 0.072188 0.156522 0.016875
5 0.159565 0.103438 0.254783 0.024375
5 0.594348 0.107500 0.225217 0.026250
5 0.853043 0.110937 0.080000 0.015625
5 0.497391 0.136563 0.321739 0.029375
5 0.826957 0.164687 0.045217 0.014375
5 0.903913 0.166250 0.030435 0.013750
5 0.693478 0.210000 0.065217 0.017500
5 0.403043 0.210938 0.028696 0.015625
5 0.487826 0.210938 0.027826 0.015625
5 0.584783 0.210938 0.039130 0.015625
5 0.331304 0.210625 0.015652 0.012500
5 0.305217 0.234375 0.180870 0.018750
5 0.697391 0.235625 0.222609 0.020000
5 0.061739 0.235937 0.059130 0.015625
5 0.126957 0.235000 0.024348 0.013750
5 0.483478 0.235625 0.097391 0.012500
5 0.481304 0.255312 0.898261 0.020625
5 0.442174 0.273125 0.820000 0.018750
1 0.477826 0.291875 0.891304 0.018750
1 0.323478 0.309688 0.582609 0.020625
2 0.225652 0.399687 0.340000 0.025625
3 0.844348 0.397500 0.146087 0.017500
5 0.123478 0.421250 0.161739 0.023750
4 0.726957 0.420938 0.120000 0.016875
4 0.430000 0.423438 0.113913 0.020625
2 0.243043 0.448125 0.374783 0.025000
3 0.845217 0.447500 0.147826 0.020000
5 0.118261 0.469375 0.151304 0.023750
4 0.860870 0.469375 0.095652 0.017500
4 0.429130 0.472500 0.110435 0.017500
2 0.271304 0.497500 0.431304 0.026250
3 0.845217 0.495937 0.147826 0.020625
5 0.123478 0.519375 0.161739 0.023750
4 0.859565 0.519375 0.098261 0.017500
4 0.430435 0.521875 0.113043 0.018750
2 0.337391 0.544687 0.563478 0.029375
3 0.845217 0.544375 0.147826 0.020000
5 0.123478 0.568125 0.161739 0.023750
4 0.726087 0.567813 0.121739 0.016875
4 0.430000 0.570000 0.113913 0.021250
5 0.145652 0.596875 0.213043 0.018750
5 0.124783 0.616875 0.171304 0.018750
5 0.126957 0.643750 0.175652 0.018750
0 0.716087 0.676250 0.176522 0.018750
5 0.166957 0.692813 0.173913 0.016875
5 0.716957 0.700625 0.152174 0.017500
5 0.709565 0.772500 0.262609 0.023750
5 0.287391 0.822187 0.498261 0.020625
5 0.854783 0.859062 0.184348 0.015625
6 0.043478 0.031250 0.086957 0.062500
6 0.956522 0.031250 0.086957 0.062500
6 0.043478 0.968750 0.086957 0.062500
6 0.956522 0.968750 0.086957 0.062500
