5 0.195217 0.070000 0.326087 0.018750
5 0.586522 0.107500 0.209565 0.026250
5 0.853043 0.110937 0.080000 0.015625
5 0.497391 0.136563 0.321739 0.029375
5 0.826957 0.164687 0.045217 0.014375
5 0.905217 0.166875 0.027826 0.012500
5 0.694348 0.210000 0.063478 0.017500
5 0.403043 0.210938 0.028696 0.015625
5 0.487826 0.210938 0.027826 0.015625
5 0.583478 0.210938 0.036522 0.015625
5 0.331304 0.210625 0.015652 0.012500
5 0.706087 0.235313 0.240000 0.020625
5 0.126957 0.234063 0.024348 0.015625
5 0.306522 0.235000 0.178261 0.017500
5 0.061739 0.235937 0.059130 0.015625
5 0.484783 0.235625 0.100000 0.012500
5 0.096087 0.255625 0.129565 0.020000
1 0.480000 0.273125 0.895652 0.018750
1 0.057391 0.292187 0.050435 0.015625
2 0.193913 0.382500 0.276522 0.025000
3 0.850870 0.379375 0.159130 0.018750
5 0.123478 0.403750 0.161739 0.023750
4 0.859565 0.403750 0.098261 0.017500
4 0.430435 0.406250 0.113043 0.018750
2 0.353913 0.429688 0.596522 0.028125
3 0.842174 0.430312 0.141739 0.020625
5 0.123478 0.452500 0.161739 0.023750
4 0.857391 0.452188 0.093913 0.016875
4 0.426957 0.454375 0.107826 0.020000
5 0.145652 0.481250 0.213043 0.018750
5 0.336957 0.503750 0.595652 0.020000
5 0.126957 0.528750 0.175652 0.017500
0 0.716087 0.561562 0.176522 0.016875
5 0.166957 0.577812 0.173913 0.015625
5 0.716957 0.585625 0.152174 0.018750
5 0.710870 0.656875 0.282609 0.023750
5 0.287391 0.707187 0.498261 0.021875
5 0.854783 0.743437 0.184348 0.015625
6 0.043478 0.031250 0.086957 0.062500
6 0.956522 0.031250 0.086957 0.062500
6 0.043478 0.968750 0.086957 0.062500
6 0.956522 0.968750 0.086957 0.062500
