5 0.110435 0.072188 0.156522 0.016875
5 0.097826 0.101875 0.131304 0.021250
5 0.580000 0.107500 0.196522 0.026250
5 0.853043 0.110937 0.080000 0.015625
5 0.496522 0.136563 0.320000 0.029375
5 0.826957 0.164687 0.045217 0.014375
5 0.905217 0.166875 0.027826 0.012500
5 0.403043 0.210938 0.028696 0.015625
5 0.487826 0.210938 0.027826 0.015625
5 0.584783 0.210938 0.039130 0.015625
5 0.694348 0.210938 0.063478 0.015625
5 0.330000 0.211562 0.013043 0.014375
5 0.697391 0.235625 0.222609 0.020000
5 0.305217 0.235000 0.180870 0.017500
5 0.061739 0.235937 0.059130 0.015625
5 0.126957 0.235000 0.024348 0.013750
5 0.483478 0.235625 0.097391 0.012500
5 0.096087 0.255625 0.129565 0.020000
1 0.487826 0.272500 0.911304 0.020000
1 0.477826 0.291875 0.891304 0.018750
1 0.476957 0.310000 0.889565 0.020000
1 0.145217 0.327500 0.227826 0.023750
2 0.213478 0.381875 0.315652 0.026250
3 0.844348 0.379375 0.146087 0.018750
5 0.123478 0.403750 0.161739 0.023750
4 0.868261 0.403750 0.115652 0.017500
2 0.353913 0.429688 0.596522 0.028125
3 0.840870 0.429375 0.139130 0.018750
5 0.118261 0.452188 0.151304 0.023125
4 0.723478 0.452188 0.113043 0.016875
4 0.426957 0.455313 0.106087 0.016875
2 0.243043 0.479375 0.374783 0.025000
3 0.845217 0.478750 0.147826 0.020000
5 0.123478 0.501563 0.161739 0.021875
4 0.726957 0.501563 0.120000 0.015625
4 0.430435 0.503750 0.113043 0.017500
2 0.287391 0.529062 0.463478 0.026875
3 0.842174 0.527188 0.141739 0.020625
5 0.123478 0.550625 0.161739 0.023750
4 0.426957 0.553125 0.106087 0.018750
5 0.145217 0.579375 0.213913 0.018750
5 0.239565 0.599375 0.402609 0.020000
5 0.126957 0.625625 0.175652 0.017500
0 0.716957 0.659375 0.178261 0.018750
5 0.166957 0.675625 0.173913 0.017500
5 0.717391 0.683438 0.153043 0.020625
5 0.708261 0.753750 0.235652 0.023750
5 0.287391 0.805625 0.498261 0.021250
5 0.854783 0.841562 0.184348 0.015625
6 0.043478 0.031250 0.086957 0.062500
6 0.956522 0.031250 0.086957 0.062500
6 0.043478 0.968750 0.086957 0.062500
6 0.956522 0.968750 0.086957 0.062500
