5 0.112987 0.061268 0.158442 0.014085
5 0.100000 0.083803 0.135065 0.018310
5 0.594156 0.087676 0.222078 0.019014
5 0.853896 0.090141 0.084416 0.012676
5 0.498052 0.109859 0.323377 0.023944
5 0.827922 0.131690 0.042857 0.011268
5 0.907143 0.131690 0.029870 0.011268
5 0.585714 0.164789 0.044156 0.014085
5 0.696753 0.165493 0.063636 0.012676
5 0.373377 0.166197 0.092208 0.011268
5 0.490909 0.166197 0.025974 0.011268
5 0.310390 0.183803 0.179221 0.012676
5 0.065584 0.184859 0.058442 0.010563
5 0.680519 0.185563 0.187013 0.011972
5 0.481818 0.197887 0.896104 0.015493
5 0.181818 0.213732 0.290909 0.011972
1 0.492208 0.225352 0.916883 0.014085
1 0.053896 0.239437 0.035065 0.011268
2 0.228571 0.306690 0.337662 0.017606
3 0.844805 0.305634 0.146753 0.015493
5 0.125974 0.323592 0.163636 0.019014
4 0.726623 0.323944 0.123377 0.014085
4 0.431818 0.324648 0.115584 0.012676
2 0.273377 0.342606 0.432468 0.020423
3 0.844805 0.341901 0.146753 0.016197
4 0.726623 0.359859 0.123377 0.014085
5 0.122078 0.360563 0.153247 0.015493
4 0.431818 0.361268 0.115584 0.014085
2 0.237013 0.380282 0.359740 0.016901
3 0.844805 0.379577 0.146753 0.015493
5 0.122078 0.397535 0.153247 0.017606
4 0.726623 0.397183 0.123377 0.014085
4 0.431818 0.398592 0.115584 0.014085
5 0.149351 0.417606 0.212987 0.014085
5 0.127922 0.434507 0.170130 0.014085
5 0.130519 0.453521 0.175325 0.014085
0 0.716883 0.478873 0.179221 0.014085
5 0.170779 0.490845 0.175325 0.014085
5 0.720130 0.497887 0.149351 0.012676
5 0.708442 0.549648 0.190909 0.016197
5 0.290260 0.588732 0.494805 0.015493
5 0.855195 0.616197 0.190909 0.014085
6 0.064935 0.035211 0.129870 0.070423
6 0.935065 0.035211 0.129870 0.070423
6 0.064935 0.964789 0.129870 0.070423
6 0.935065 0.964789 0.129870 0.070423
