5 0.112500 0.040187 0.072368 0.028037
5 0.111842 0.093925 0.155263 0.021495
5 0.604605 0.099533 0.230263 0.027103
5 0.863816 0.101869 0.082895 0.016822
5 0.505263 0.128037 0.326316 0.028037
5 0.837500 0.157477 0.048684 0.015888
5 0.916447 0.157477 0.030263 0.015888
5 0.262500 0.201869 0.038158 0.016822
5 0.409211 0.201869 0.028947 0.016822
5 0.495395 0.201402 0.027632 0.015888
5 0.594737 0.201869 0.042105 0.016822
5 0.703289 0.201869 0.067105 0.016822
5 0.336184 0.201869 0.017105 0.014953
5 0.707237 0.227103 0.227632 0.022430
5 0.312500 0.226168 0.182895 0.018692
5 0.066447 0.226168 0.059211 0.014953
5 0.132237 0.226168 0.025000 0.014953
5 0.490789 0.226168 0.102632 0.014953
5 0.313158 0.246729 0.552632 0.024299
1 0.265789 0.265421 0.457895 0.018692
2 0.218421 0.373364 0.315789 0.025234
3 0.857237 0.371963 0.148684 0.020561
5 0.128289 0.395794 0.167105 0.025234
4 0.735526 0.395794 0.121053 0.017757
4 0.437500 0.398131 0.114474 0.018692
5 0.151316 0.423832 0.215789 0.017757
5 0.128947 0.444860 0.171053 0.018692
5 0.131579 0.469626 0.176316 0.019626
0 0.726974 0.503271 0.180263 0.017757
5 0.173026 0.519626 0.175000 0.018692
5 0.727632 0.527103 0.155263 0.020561
5 0.719737 0.598598 0.265789 0.023364
5 0.294079 0.650000 0.501316 0.019626
5 0.865789 0.685514 0.189474 0.015888
6 0.065789 0.046729 0.131579 0.093458
6 0.934211 0.046729 0.131579 0.093458
6 0.065789 0.953271 0.131579 0.093458
6 0.934211 0.953271 0.131579 0.093458
