5 0.111688 0.043310 0.075325 0.021831
5 0.248701 0.059859 0.100000 0.014085
5 0.588961 0.087676 0.211688 0.019014
5 0.853896 0.089437 0.084416 0.014085
5 0.496104 0.108803 0.319481 0.021831
5 0.827922 0.131690 0.042857 0.011268
5 0.907143 0.131690 0.029870 0.011268
5 0.585714 0.164789 0.044156 0.014085
5 0.694156 0.164789 0.068831 0.014085
5 0.372078 0.166197 0.094805 0.011268
5 0.490909 0.166197 0.025974 0.011268
5 0.861039 0.181690 0.028571 0.014085
5 0.309091 0.183803 0.176623 0.012676
5 0.066883 0.184859 0.061039 0.010563
5 0.706494 0.185563 0.238961 0.011972
5 0.100000 0.199296 0.127273 0.014085
1 0.356494 0.211972 0.645455 0.015493
2 0.267532 0.292606 0.415584 0.020423
3 0.842208 0.291901 0.141558 0.016197
5 0.127273 0.310915 0.166234 0.019014
4 0.724026 0.310563 0.118182 0.012676
4 0.429870 0.313732 0.106494 0.011972
2 0.207143 0.329930 0.300000 0.020423
3 0.844805 0.329577 0.146753 0.015493
4 0.726623 0.347183 0.123377 0.014085
5 0.123377 0.348239 0.150649 0.016197
4 0.431818 0.348592 0.115584 0.014085
5 0.148701 0.368310 0.214286 0.016901
5 0.127922 0.384507 0.170130 0.014085
5 0.130519 0.403521 0.175325 0.014085
0 0.718182 0.428873 0.181818 0.014085
5 0.170779 0.440845 0.175325 0.014085
5 0.720130 0.447887 0.149351 0.012676
5 0.709740 0.498592 0.198701 0.014085
5 0.290260 0.538732 0.494805 0.015493
5 0.855195 0.566197 0.190909 0.014085
6 0.064935 0.035211 0.129870 0.070423
6 0.935065 0.035211 0.129870 0.070423
6 0.064935 0.964789 0.129870 0.070423
6 0.935065 0.964789 0.129870 0.070423
