5 0.103913 0.076563 0.134783 0.021875
5 0.498696 0.106875 0.306957 0.026250
5 0.764783 0.145313 0.308696 0.021875
1 0.490870 0.230937 0.917391 0.035625
1 0.337826 0.254375 0.614783 0.025000
5 0.121739 0.280625 0.179130 0.026250
2 0.301739 0.311250 0.539130 0.027500
4 0.448696 0.353750 0.406957 0.027500
3 0.103913 0.352187 0.134783 0.016875
2 0.310435 0.391875 0.560000 0.025000
4 0.448696 0.433437 0.406957 0.023125
3 0.103043 0.432500 0.133043 0.018750
5 0.086522 0.473125 0.100000 0.018750
0 0.727826 0.503125 0.330435 0.025000
5 0.731304 0.531875 0.280000 0.023750
5 0.730870 0.559375 0.225217 0.027500
5 0.730000 0.649687 0.310435 0.031875
5 0.247391 0.678125 0.386957 0.022500
5 0.464783 0.708438 0.821739 0.026875
6 0.043478 0.031250 0.086957 0.062500
6 0.956522 0.031250 0.086957 0.062500
6 0.043478 0.968750 0.086957 0.062500
6 0.956522 0.968750 0.086957 0.062500
