5 0.112500 0.057009 0.072368 0.028037
5 0.103289 0.111215 0.138158 0.024299
5 0.603289 0.116822 0.227632 0.026168
5 0.864474 0.119159 0.081579 0.017757
5 0.505263 0.144860 0.326316 0.028037
5 0.837500 0.173364 0.043421 0.014019
5 0.916447 0.174299 0.030263 0.015888
5 0.409211 0.218224 0.028947 0.015888
5 0.495395 0.218224 0.027632 0.015888
5 0.594737 0.218224 0.042105 0.015888
5 0.703289 0.218224 0.067105 0.015888
5 0.336842 0.220093 0.015789 0.012150
5 0.312500 0.242991 0.182895 0.018692
5 0.066447 0.243458 0.059211 0.015888
5 0.688158 0.243925 0.189474 0.016822
5 0.234868 0.264486 0.396053 0.016822
1 0.203289 0.279907 0.332895 0.025234
2 0.197368 0.390187 0.273684 0.025234
3 0.857237 0.389720 0.148684 0.020561
5 0.128289 0.411682 0.167105 0.023364
4 0.437500 0.414486 0.114474 0.017757
2 0.191447 0.438785 0.267105 0.025234
3 0.857237 0.437850 0.148684 0.019626
5 0.127632 0.461215 0.165789 0.021495
4 0.437500 0.463551 0.114474 0.018692
2 0.249342 0.487850 0.380263 0.026168
3 0.857237 0.485981 0.148684 0.020561
5 0.128289 0.509813 0.167105 0.025234
4 0.736184 0.509813 0.119737 0.017757
4 0.437500 0.512150 0.114474 0.018692
5 0.151316 0.537850 0.215789 0.017757
5 0.128947 0.558879 0.171053 0.018692
5 0.131579 0.584579 0.176316 0.017757
0 0.726316 0.616822 0.178947 0.020561
5 0.173026 0.634579 0.175000 0.016822
5 0.726974 0.642056 0.153947 0.018692
5 0.719737 0.711215 0.236842 0.024299
5 0.294079 0.763551 0.501316 0.022430
5 0.865789 0.799533 0.189474 0.015888
6 0.065789 0.046729 0.131579 0.093458
6 0.934211 0.046729 0.131579 0.093458
6 0.065789 0.953271 0.131579 0.093458
6 0.934211 0.953271 0.131579 0.093458
