1 0.111688 0.043310 0.075325 0.021831
1 0.103247 0.084155 0.138961 0.017606
1 0.594156 0.087676 0.222078 0.019014
1 0.851948 0.089437 0.080519 0.014085
1 0.498052 0.109859 0.323377 0.023944
1 0.827922 0.131690 0.042857 0.011268
1 0.907143 0.131690 0.029870 0.011268
1 0.696753 0.165493 0.063636 0.012676
1 0.490909 0.166197 0.025974 0.011268
1 0.587662 0.166197 0.040260 0.011268
1 0.310390 0.183803 0.179221 0.012676
1 0.065584 0.184859 0.058442 0.010563
1 0.680519 0.185563 0.187013 0.011972
1 0.483117 0.197887 0.898701 0.015493
1 0.405195 0.213380 0.737662 0.015493
1 0.481818 0.225352 0.896104 0.014085
1 0.168831 0.240141 0.264935 0.012676
2 0.188312 0.307394 0.257143 0.019014
3 0.844805 0.305634 0.146753 0.015493
5 0.127922 0.324296 0.159740 0.017606
4 0.431169 0.324648 0.116883 0.018310
4 0.861039 0.323944 0.098701 0.014085
2 0.192857 0.342606 0.271429 0.020423
3 0.844805 0.341901 0.146753 0.016197
5 0.127922 0.360915 0.164935 0.016197
4 0.431818 0.361268 0.115584 0.014085
4 0.862338 0.360563 0.096104 0.012676
5 0.150649 0.382394 0.210390 0.012676
5 0.127922 0.397183 0.170130 0.014085
5 0.130519 0.417606 0.175325 0.014085
0 0.716883 0.441549 0.179221 0.016901
5 0.170779 0.454225 0.175325 0.015493
5 0.718182 0.459859 0.153247 0.016901
5 0.711039 0.513028 0.224675 0.017606
5 0.290909 0.551761 0.496104 0.017606
5 0.855195 0.578873 0.190909 0.014085
6 0.064935 0.035211 0.129870 0.070423
6 0.935065 0.035211 0.129870 0.070423
6 0.064935 0.964789 0.129870 0.070423
6 0.935065 0.964789 0.129870 0.070423
