5 0.111688 0.043310 0.075325 0.021831
5 0.229870 0.059859 0.062338 0.014085
5 0.588961 0.087676 0.211688 0.019014
5 0.853896 0.089437 0.084416 0.014085
5 0.498052 0.109859 0.323377 0.023944
5 0.827922 0.131690 0.042857 0.011268
5 0.907143 0.131690 0.029870 0.011268
5 0.585714 0.164789 0.044156 0.014085
5 0.696753 0.165493 0.063636 0.012676
5 0.372078 0.166197 0.094805 0.011268
5 0.490909 0.166197 0.025974 0.011268
5 0.309091 0.183803 0.176623 0.012676
5 0.066883 0.184859 0.061039 0.010563
5 0.680519 0.185563 0.187013 0.011972
5 0.100000 0.199296 0.127273 0.014085
1 0.485065 0.211972 0.902597 0.015493
2 0.381169 0.291901 0.642857 0.021831
3 0.844805 0.291901 0.146753 0.016197
5 0.127273 0.310915 0.166234 0.019014
2 0.333766 0.330986 0.553247 0.018310
3 0.844805 0.329577 0.146753 0.015493
5 0.123377 0.348239 0.150649 0.016197
5 0.150649 0.369014 0.210390 0.015493
5 0.127922 0.384507 0.170130 0.014085
5 0.130519 0.403521 0.175325 0.014085
0 0.719481 0.429577 0.179221 0.012676
5 0.170779 0.440845 0.175325 0.014085
5 0.720130 0.447887 0.149351 0.012676
5 0.711039 0.499648 0.224675 0.019014
5 0.290260 0.538732 0.494805 0.015493
5 0.855195 0.566197 0.190909 0.014085
6 0.064935 0.035211 0.129870 0.070423
6 0.935065 0.035211 0.129870 0.070423
6 0.064935 0.964789 0.129870 0.070423
6 0.935065 0.964789 0.129870 0.070423
