5 0.111688 0.043310 0.075325 0.021831
5 0.222727 0.059859 0.055844 0.014085
5 0.581818 0.087676 0.197403 0.019014
5 0.855195 0.091197 0.081818 0.010563
5 0.498052 0.109859 0.323377 0.023944
5 0.864286 0.131690 0.115584 0.011268
5 0.585714 0.164789 0.044156 0.014085
5 0.695455 0.164789 0.066234 0.014085
5 0.331818 0.165493 0.175325 0.012676
5 0.490909 0.165141 0.025974 0.009155
5 0.309091 0.183803 0.176623 0.012676
5 0.066883 0.184859 0.061039 0.010563
5 0.680519 0.185563 0.187013 0.011972
5 0.100000 0.199296 0.127273 0.014085
1 0.477922 0.211972 0.888312 0.015493
2 0.212338 0.292606 0.305195 0.020423
3 0.844805 0.291901 0.146753 0.016197
5 0.129221 0.311620 0.162338 0.017606
2 0.244805 0.329930 0.375325 0.020423
3 0.844805 0.329577 0.146753 0.015493
5 0.122078 0.347535 0.153247 0.017606
2 0.353896 0.365493 0.593506 0.022535
3 0.844805 0.365493 0.146753 0.015493
5 0.123377 0.384859 0.150649 0.014789
5 0.149351 0.404930 0.212987 0.014085
5 0.127922 0.421479 0.170130 0.011972
5 0.130519 0.440845 0.175325 0.014085
0 0.716883 0.464789 0.179221 0.014085
5 0.170130 0.478169 0.176623 0.016901
5 0.718182 0.483099 0.153247 0.014085
5 0.709740 0.536972 0.268831 0.019014
5 0.290909 0.575352 0.496104 0.016901
5 0.855195 0.602817 0.190909 0.012676
6 0.064935 0.035211 0.129870 0.070423
6 0.935065 0.035211 0.129870 0.070423
6 0.064935 0.964789 0.129870 0.070423
6 0.935065 0.964789 0.129870 0.070423
