5 0.112500 0.040187 0.072368 0.028037
5 0.107237 0.093925 0.146053 0.021495
5 0.604605 0.099533 0.230263 0.027103
5 0.864474 0.102336 0.081579 0.015888
5 0.505263 0.128037 0.326316 0.028037
5 0.838816 0.157477 0.046053 0.015888
5 0.916447 0.157477 0.030263 0.015888
5 0.263816 0.201869 0.035526 0.016822
5 0.409211 0.201869 0.028947 0.016822
5 0.495395 0.201402 0.027632 0.015888
5 0.593421 0.201869 0.039474 0.016822
5 0.704605 0.201869 0.064474 0.016822
5 0.336184 0.201869 0.017105 0.014953
5 0.687500 0.227103 0.190789 0.022430
5 0.312500 0.226168 0.182895 0.018692
5 0.066447 0.226636 0.059211 0.014019
5 0.490132 0.247196 0.906579 0.017757
5 0.487500 0.265421 0.906579 0.018692
5 0.497368 0.284112 0.921053 0.018692
5 0.371053 0.300935 0.668421 0.018692
1 0.487500 0.318692 0.901316 0.018692
1 0.259868 0.337383 0.451316 0.018692
2 0.244737 0.427103 0.368421 0.026168
3 0.857237 0.427103 0.148684 0.020561
5 0.175000 0.450467 0.260526 0.024299
4 0.736184 0.448598 0.119737 0.016822
4 0.437500 0.451402 0.114474 0.018692
2 0.230921 0.476168 0.343421 0.025234
3 0.857237 0.475234 0.148684 0.019626
5 0.184211 0.499065 0.278947 0.026168
4 0.437500 0.499533 0.114474 0.019626
2 0.198026 0.524766 0.280263 0.025234
3 0.857237 0.523832 0.148684 0.019626
5 0.184211 0.548598 0.278947 0.024299
4 0.437500 0.549533 0.114474 0.018692
2 0.248684 0.572897 0.376316 0.028037
3 0.857237 0.571963 0.148684 0.020561
5 0.175000 0.597196 0.260526 0.024299
4 0.736184 0.595794 0.119737 0.017757
4 0.437500 0.598131 0.114474 0.018692
5 0.151316 0.623832 0.215789 0.017757
5 0.128947 0.644860 0.171053 0.018692
5 0.228289 0.669159 0.369737 0.020561
0 0.726974 0.703271 0.180263 0.017757
5 0.173026 0.719626 0.175000 0.018692
5 0.727632 0.727103 0.155263 0.020561
5 0.718421 0.799065 0.228947 0.020561
5 0.294079 0.850000 0.501316 0.019626
5 0.865789 0.885514 0.189474 0.015888
6 0.065789 0.046729 0.131579 0.093458
6 0.934211 0.046729 0.131579 0.093458
6 0.065789 0.953271 0.131579 0.093458
6 0.934211 0.953271 0.131579 0.093458
