5 0.142208 0.059859 0.216883 0.014085
5 0.581818 0.087676 0.197403 0.019014
5 0.853896 0.089437 0.084416 0.014085
5 0.498052 0.109859 0.323377 0.023944
5 0.827922 0.131690 0.042857 0.011268
5 0.907143 0.131690 0.029870 0.011268
5 0.696753 0.165493 0.063636 0.012676
5 0.405195 0.166197 0.028571 0.011268
5 0.490909 0.166197 0.025974 0.011268
5 0.587662 0.166197 0.040260 0.011268
5 0.309091 0.183803 0.176623 0.012676
5 0.065584 0.184859 0.058442 0.010563
5 0.680519 0.185563 0.187013 0.011972
5 0.348052 0.198592 0.623377 0.014085
1 0.480519 0.211268 0.893506 0.016901
1 0.061039 0.227817 0.049351 0.011972
2 0.241558 0.292606 0.363636 0.020423
3 0.844805 0.291901 0.146753 0.016197
5 0.127922 0.311620 0.159740 0.017606
2 0.203896 0.329930 0.293506 0.020423
3 0.842208 0.329577 0.141558 0.015493
5 0.123377 0.348239 0.150649 0.016197
5 0.148701 0.368310 0.214286 0.016901
5 0.127922 0.384507 0.170130 0.014085
5 0.130519 0.403521 0.175325 0.014085
0 0.719481 0.429577 0.179221 0.012676
5 0.170779 0.440845 0.175325 0.014085
5 0.720130 0.447887 0.149351 0.012676
5 0.709740 0.500352 0.268831 0.017606
5 0.290260 0.538732 0.494805 0.015493
5 0.855195 0.566197 0.190909 0.014085
6 0.064935 0.035211 0.129870 0.070423
6 0.935065 0.035211 0.129870 0.070423
6 0.064935 0.964789 0.129870 0.070423
6 0.935065 0.964789 0.129870 0.070423
