5 0.114474 0.064486 0.160526 0.016822
5 0.103947 0.094393 0.139474 0.022430
5 0.603289 0.100000 0.227632 0.029907
5 0.864474 0.101869 0.081579 0.016822
5 0.505263 0.128037 0.326316 0.028037
5 0.838816 0.157477 0.046053 0.015888
5 0.916447 0.157477 0.030263 0.015888
5 0.409211 0.201869 0.028947 0.016822
5 0.495395 0.201869 0.027632 0.016822
5 0.594737 0.201869 0.042105 0.016822
5 0.703289 0.201869 0.067105 0.016822
5 0.687500 0.227103 0.190789 0.022430
5 0.311184 0.226168 0.180263 0.018692
5 0.066447 0.226168 0.059211 0.014953
5 0.217105 0.246729 0.360526 0.018692
1 0.301974 0.264953 0.530263 0.021495
2 0.259868 0.373364 0.398684 0.023364
3 0.857237 0.371963 0.148684 0.020561
5 0.128289 0.395794 0.167105 0.023364
4 0.736184 0.395794 0.119737 0.017757
4 0.437500 0.398131 0.114474 0.018692
2 0.249342 0.422430 0.380263 0.026168
3 0.857237 0.420561 0.148684 0.020561
5 0.128289 0.444393 0.167105 0.023364
4 0.735526 0.443925 0.121053 0.016822
4 0.437500 0.446729 0.114474 0.018692
5 0.151316 0.471963 0.215789 0.016822
5 0.128947 0.493925 0.171053 0.017757
5 0.131579 0.519159 0.176316 0.017757
0 0.726316 0.551869 0.178947 0.017757
5 0.173026 0.569159 0.175000 0.016822
5 0.726974 0.575701 0.153947 0.018692
5 0.719737 0.645327 0.236842 0.025234
5 0.295395 0.698598 0.503947 0.019626
5 0.864474 0.734112 0.186842 0.015888
6 0.065789 0.046729 0.131579 0.093458
6 0.934211 0.046729 0.131579 0.093458
6 0.065789 0.953271 0.131579 0.093458
6 0.934211 0.953271 0.131579 0.093458
