5 0.110435 0.072188 0.156522 0.016875
5 0.138696 0.102813 0.214783 0.023125
5 0.594348 0.107500 0.225217 0.026250
5 0.853043 0.110937 0.080000 0.015625
5 0.497391 0.136563 0.321739 0.029375
5 0.826957 0.164687 0.045217 0.014375
5 0.903913 0.165313 0.030435 0.015625
5 0.694348 0.210000 0.063478 0.017500
5 0.403043 0.210938 0.028696 0.015625
5 0.487826 0.210938 0.027826 0.015625
5 0.584783 0.210938 0.039130 0.015625
5 0.330000 0.211562 0.013043 0.014375
5 0.305217 0.234375 0.180870 0.018750
5 0.678696 0.235625 0.185217 0.020000
5 0.061739 0.235937 0.059130 0.015625
5 0.483478 0.235625 0.097391 0.012500
5 0.416957 0.256250 0.769565 0.018750
1 0.482174 0.272500 0.900000 0.020000
1 0.460435 0.291875 0.856522 0.018750
3 0.845217 0.380312 0.147826 0.020625
2 0.243043 0.381875 0.374783 0.023750
5 0.178696 0.405313 0.272174 0.024375
4 0.430435 0.406250 0.113043 0.018750
2 0.193043 0.430937 0.274783 0.025625
3 0.845217 0.430312 0.147826 0.020625
5 0.118261 0.452188 0.151304 0.023125
4 0.726957 0.452188 0.120000 0.016875
4 0.430435 0.454375 0.113043 0.018750
2 0.193913 0.479375 0.276522 0.025000
3 0.845217 0.478750 0.147826 0.020000
5 0.123478 0.501875 0.161739 0.021250
4 0.726957 0.501563 0.120000 0.015625
4 0.430435 0.503750 0.113043 0.017500
2 0.353913 0.527500 0.596522 0.030000
3 0.843478 0.527188 0.139130 0.020625
5 0.123478 0.550625 0.161739 0.023750
4 0.723478 0.550625 0.113043 0.017500
4 0.426957 0.553125 0.106087 0.018750
5 0.145652 0.578750 0.213043 0.017500
5 0.243478 0.600000 0.408696 0.018750
5 0.126957 0.625625 0.175652 0.017500
0 0.716087 0.659375 0.176522 0.018750
5 0.166957 0.675625 0.173913 0.017500
5 0.717391 0.683438 0.153043 0.020625
5 0.708261 0.753750 0.178261 0.017500
5 0.287391 0.805625 0.498261 0.021250
5 0.854783 0.841562 0.184348 0.015625
6 0.043478 0.031250 0.086957 0.062500
6 0.956522 0.031250 0.086957 0.062500
6 0.043478 0.968750 0.086957 0.062500
6 0.956522 0.968750 0.086957 0.062500
