5 0.112500 0.040187 0.072368 0.028037
5 0.107237 0.093925 0.146053 0.021495
5 0.604605 0.100000 0.230263 0.029907
5 0.864474 0.101869 0.081579 0.016822
5 0.505263 0.128037 0.326316 0.028037
5 0.838816 0.157477 0.046053 0.015888
5 0.916447 0.157477 0.030263 0.015888
5 0.409211 0.201869 0.028947 0.016822
5 0.495395 0.201869 0.027632 0.016822
5 0.594737 0.201869 0.042105 0.016822
5 0.704605 0.201869 0.064474 0.016822
5 0.336184 0.202336 0.017105 0.015888
5 0.687500 0.227103 0.190789 0.022430
5 0.312500 0.226168 0.182895 0.018692
5 0.066447 0.226636 0.059211 0.014019
5 0.490132 0.247196 0.906579 0.017757
5 0.487500 0.265421 0.906579 0.018692
5 0.497368 0.284112 0.921053 0.018692
5 0.371053 0.300935 0.668421 0.018692
1 0.320395 0.319626 0.567105 0.018692
2 0.245395 0.427103 0.369737 0.026168
3 0.857237 0.425234 0.148684 0.020561
5 0.175000 0.450467 0.260526 0.024299
4 0.735526 0.448598 0.121053 0.016822
4 0.437500 0.451402 0.114474 0.018692
2 0.339474 0.475234 0.560526 0.027103
3 0.857237 0.475234 0.148684 0.019626
5 0.184211 0.499065 0.278947 0.026168
4 0.446053 0.499533 0.131579 0.019626
5 0.151316 0.526168 0.215789 0.018692
5 0.129605 0.548131 0.172368 0.019626
5 0.226316 0.572430 0.365789 0.019626
0 0.726974 0.605607 0.180263 0.018692
5 0.173026 0.623364 0.175000 0.018692
5 0.727632 0.630374 0.155263 0.019626
5 0.718421 0.701869 0.228947 0.020561
5 0.294079 0.752336 0.501316 0.022430
5 0.865789 0.788318 0.189474 0.015888
6 0.065789 0.046729 0.131579 0.093458
6 0.934211 0.046729 0.131579 0.093458
6 0.065789 0.953271 0.131579 0.093458
6 0.934211 0.953271 0.131579 0.093458
