5 0.103913 0.076563 0.134783 0.021875
5 0.498696 0.106875 0.306957 0.026250
5 0.899565 0.141250 0.039130 0.017500
5 0.723478 0.145313 0.226087 0.021875
1 0.479130 0.231875 0.893913 0.026250
1 0.149565 0.255312 0.234783 0.020625
5 0.122609 0.280625 0.177391 0.026250
2 0.261739 0.311250 0.459130 0.027500
4 0.448696 0.352812 0.406957 0.025625
3 0.103913 0.352187 0.134783 0.016875
2 0.269565 0.391250 0.478261 0.023750
4 0.448696 0.433437 0.406957 0.023125
3 0.103043 0.432500 0.133043 0.018750
2 0.337826 0.471875 0.611304 0.025000
4 0.362609 0.513750 0.234783 0.025000
3 0.103043 0.513125 0.133043 0.017500
5 0.086522 0.553125 0.100000 0.018750
0 0.727826 0.583125 0.330435 0.026250
5 0.730000 0.611875 0.282609 0.025000
5 0.730870 0.640312 0.223478 0.021875
5 0.730000 0.729062 0.310435 0.031875
5 0.247391 0.759062 0.386957 0.021875
5 0.464783 0.788750 0.821739 0.025000
6 0.043478 0.031250 0.086957 0.062500
6 0.956522 0.031250 0.086957 0.062500
6 0.043478 0.968750 0.086957 0.062500
6 0.956522 0.968750 0.086957 0.062500
