5 0.155217 0.070000 0.246087 0.018750
5 0.579130 0.107500 0.194783 0.026250
5 0.853043 0.110000 0.080000 0.017500
5 0.496522 0.136563 0.320000 0.029375
5 0.826957 0.164687 0.045217 0.014375
5 0.903913 0.165313 0.030435 0.015625
5 0.584348 0.210000 0.041739 0.018750
5 0.694348 0.210000 0.063478 0.017500
5 0.330435 0.210938 0.017391 0.015625
5 0.403043 0.210938 0.028696 0.015625
5 0.487826 0.210938 0.027826 0.015625
5 0.678696 0.235625 0.185217 0.020000
5 0.305217 0.235000 0.180870 0.017500
5 0.061739 0.235937 0.059130 0.015625
5 0.096522 0.255000 0.128696 0.017500
1 0.401739 0.271562 0.739130 0.023125
2 0.263478 0.381875 0.415652 0.026250
3 0.840870 0.380312 0.139130 0.016875
5 0.123478 0.403750 0.161739 0.023750
4 0.722609 0.403750 0.114783 0.017500
4 0.426957 0.406250 0.106087 0.018750
2 0.353913 0.429688 0.596522 0.028125
3 0.841739 0.429063 0.142609 0.023125
5 0.123478 0.452500 0.161739 0.023750
4 0.723478 0.452188 0.113043 0.016875
4 0.426957 0.454375 0.107826 0.020000
5 0.145652 0.481250 0.213043 0.018750
5 0.124783 0.502188 0.171304 0.016875
5 0.126957 0.528750 0.175652 0.017500
0 0.716087 0.561562 0.176522 0.016875
5 0.166957 0.577812 0.173913 0.015625
5 0.716957 0.585000 0.152174 0.020000
5 0.709565 0.655937 0.189565 0.021875
5 0.287391 0.707187 0.498261 0.021875
5 0.854783 0.743437 0.184348 0.015625
6 0.043478 0.031250 0.086957 0.062500
6 0.956522 0.031250 0.086957 0.062500
6 0.043478 0.968750 0.086957 0.062500
6 0.956522 0.968750 0.086957 0.062500
