5 0.110435 0.072188 0.156522 0.016875
5 0.139565 0.102813 0.216522 0.023125
5 0.594348 0.107500 0.225217 0.026250
5 0.853043 0.110937 0.080000 0.015625
5 0.497391 0.136563 0.321739 0.029375
5 0.827826 0.166250 0.043478 0.013750
5 0.903913 0.166250 0.030435 0.013750
5 0.584783 0.210000 0.039130 0.017500
5 0.693043 0.210000 0.060870 0.017500
5 0.329130 0.210938 0.014783 0.015625
5 0.403043 0.210938 0.028696 0.015625
5 0.487826 0.210938 0.027826 0.015625
5 0.305217 0.234375 0.180870 0.018750
5 0.706087 0.235313 0.240000 0.020625
5 0.086957 0.236563 0.104348 0.014375
5 0.483478 0.235625 0.097391 0.012500
5 0.485217 0.255000 0.906087 0.020000
5 0.481304 0.273125 0.898261 0.018750
5 0.479130 0.291875 0.897391 0.018750
5 0.477826 0.310312 0.891304 0.021875
5 0.397391 0.327188 0.730435 0.020625
1 0.447391 0.344687 0.830435 0.021875
2 0.252609 0.453750 0.393913 0.026250
3 0.850870 0.451250 0.159130 0.018750
5 0.170435 0.476875 0.255652 0.025000
4 0.859565 0.475625 0.098261 0.017500
4 0.430435 0.478125 0.113043 0.018750
2 0.193913 0.502188 0.276522 0.026875
3 0.844348 0.501250 0.146087 0.018750
5 0.116957 0.524062 0.153913 0.023125
4 0.430435 0.526250 0.113043 0.018750
5 0.145652 0.553125 0.213043 0.018750
5 0.233478 0.573125 0.388696 0.018750
5 0.126957 0.600000 0.175652 0.018750
0 0.716087 0.632500 0.176522 0.018750
5 0.166957 0.649062 0.173913 0.016875
5 0.716957 0.656875 0.152174 0.017500
5 0.708261 0.727500 0.223478 0.025000
5 0.287391 0.779062 0.498261 0.021875
5 0.854783 0.815312 0.184348 0.015625
6 0.043478 0.031250 0.086957 0.062500
6 0.956522 0.031250 0.086957 0.062500
6 0.043478 0.968750 0.086957 0.062500
6 0.956522 0.968750 0.086957 0.062500
