5 0.111688 0.043310 0.075325 0.021831
5 0.225325 0.061268 0.042857 0.011268
5 0.587013 0.087676 0.207792 0.019014
5 0.853896 0.090141 0.084416 0.012676
5 0.498052 0.109859 0.323377 0.023944
5 0.827922 0.131690 0.042857 0.011268
5 0.907143 0.131690 0.029870 0.011268
5 0.695455 0.164789 0.066234 0.014085
5 0.587662 0.165493 0.040260 0.012676
5 0.490909 0.165141 0.025974 0.009155
5 0.310390 0.183803 0.179221 0.012676
5 0.066883 0.184859 0.061039 0.010563
5 0.680519 0.185563 0.187013 0.011972
5 0.100000 0.199296 0.127273 0.014085
1 0.221429 0.211620 0.375325 0.017606
2 0.238312 0.292958 0.357143 0.019718
3 0.844805 0.291901 0.146753 0.016197
5 0.129221 0.311620 0.162338 0.017606
2 0.227273 0.329930 0.340260 0.020423
3 0.844805 0.329577 0.146753 0.015493
5 0.123377 0.348239 0.150649 0.016197
5 0.150649 0.369014 0.210390 0.015493
5 0.127922 0.384507 0.170130 0.014085
5 0.130519 0.403521 0.175325 0.014085
0 0.718182 0.429577 0.176623 0.012676
5 0.170779 0.440845 0.175325 0.014085
5 0.720130 0.447887 0.149351 0.012676
5 0.709740 0.499648 0.183117 0.020423
5 0.290260 0.538732 0.494805 0.015493
5 0.853247 0.566197 0.187013 0.014085
6 0.064935 0.035211 0.129870 0.070423
6 0.935065 0.035211 0.129870 0.070423
6 0.064935 0.964789 0.129870 0.070423
6 0.935065 0.964789 0.129870 0.070423
