5 0.110435 0.072500 0.156522 0.017500
5 0.097826 0.101875 0.131304 0.021250
5 0.594348 0.107500 0.225217 0.026250
5 0.853043 0.110937 0.080000 0.015625
5 0.497391 0.136563 0.321739 0.029375
5 0.826957 0.164687 0.045217 0.014375
5 0.903913 0.166250 0.030435 0.013750
5 0.403043 0.210938 0.028696 0.015625
5 0.487826 0.210938 0.027826 0.015625
5 0.584783 0.210938 0.039130 0.015625
5 0.694348 0.210938 0.063478 0.015625
5 0.330000 0.210625 0.013043 0.012500
5 0.706087 0.235313 0.240000 0.020625
5 0.305217 0.235000 0.180870 0.017500
5 0.061739 0.235937 0.059130 0.015625
5 0.126957 0.235000 0.024348 0.013750
5 0.489130 0.235625 0.108696 0.012500
5 0.171304 0.256250 0.278261 0.018750
1 0.483043 0.272188 0.901739 0.020625
1 0.249565 0.292812 0.434783 0.016875
3 0.845217 0.380625 0.147826 0.022500
2 0.260435 0.383437 0.407826 0.023125
5 0.123478 0.403750 0.161739 0.023750
4 0.430435 0.406250 0.113043 0.018750
2 0.213478 0.430937 0.315652 0.025625
3 0.844348 0.429375 0.146087 0.018750
5 0.123478 0.452500 0.161739 0.023750
4 0.868261 0.452188 0.115652 0.016875
2 0.216957 0.479375 0.322609 0.025000
3 0.842174 0.478750 0.141739 0.020000
5 0.123478 0.501875 0.161739 0.021250
4 0.435652 0.503750 0.123478 0.017500
5 0.145652 0.530312 0.213043 0.016875
5 0.293478 0.551250 0.508696 0.018750
5 0.126957 0.577187 0.175652 0.016875
0 0.716087 0.610000 0.176522 0.017500
5 0.166957 0.627188 0.173913 0.016875
5 0.716957 0.635000 0.152174 0.017500
5 0.709565 0.704688 0.259130 0.021875
5 0.287391 0.756563 0.498261 0.020625
5 0.855217 0.792188 0.185217 0.015625
6 0.043478 0.031250 0.086957 0.062500
6 0.956522 0.031250 0.086957 0.062500
6 0.043478 0.968750 0.086957 0.062500
6 0.956522 0.968750 0.086957 0.062500
