5 0.103913 0.076563 0.134783 0.021875
5 0.498696 0.106875 0.306957 0.026250
5 0.723478 0.145313 0.226087 0.021875
5 0.899565 0.142187 0.039130 0.015625
1 0.495217 0.231875 0.926087 0.026250
1 0.494348 0.255625 0.924348 0.033750
1 0.100870 0.280000 0.132174 0.020000
5 0.121739 0.305000 0.179130 0.027500
2 0.301739 0.335938 0.539130 0.028125
4 0.448261 0.377188 0.406087 0.023125
3 0.103043 0.377188 0.133043 0.016875
2 0.233478 0.415625 0.406087 0.025000
4 0.516087 0.456875 0.541739 0.023750
3 0.103913 0.456875 0.134783 0.017500
2 0.311739 0.496250 0.559130 0.026250
4 0.448696 0.538125 0.406957 0.023750
3 0.105217 0.538125 0.137391 0.020000
2 0.261739 0.575625 0.459130 0.026250
4 0.449565 0.618750 0.408696 0.025000
3 0.103043 0.617812 0.133043 0.016875
5 0.087826 0.659062 0.102609 0.021875
0 0.727826 0.688125 0.330435 0.023750
5 0.731304 0.717187 0.280000 0.021875
5 0.731304 0.745938 0.224348 0.023125
5 0.730000 0.834063 0.282609 0.028125
5 0.247391 0.863125 0.386957 0.020000
5 0.464783 0.894062 0.821739 0.026875
6 0.043478 0.031250 0.086957 0.062500
6 0.956522 0.031250 0.086957 0.062500
6 0.043478 0.968750 0.086957 0.062500
6 0.956522 0.968750 0.086957 0.062500
