5 0.111688 0.043310 0.075325 0.021831
5 0.100000 0.083803 0.135065 0.018310
5 0.596104 0.087676 0.225974 0.019014
5 0.853896 0.090141 0.084416 0.012676
5 0.498052 0.109859 0.323377 0.023944
5 0.864286 0.131690 0.115584 0.011268
5 0.585714 0.164789 0.044156 0.014085
5 0.695455 0.165493 0.066234 0.012676
5 0.261688 0.166197 0.035065 0.011268
5 0.333766 0.166197 0.018182 0.011268
5 0.405195 0.166197 0.028571 0.011268
5 0.490909 0.166197 0.025974 0.011268
5 0.309091 0.183803 0.176623 0.012676
5 0.065584 0.184859 0.058442 0.010563
5 0.680519 0.185563 0.187013 0.011972
5 0.214935 0.198592 0.357143 0.014085
1 0.403896 0.211972 0.740260 0.015493
2 0.257143 0.292606 0.394805 0.020423
3 0.844805 0.291901 0.146753 0.016197
5 0.126623 0.310915 0.162338 0.016197
4 0.727922 0.310563 0.120779 0.012676
4 0.433117 0.312324 0.112987 0.014789
2 0.285065 0.329930 0.455844 0.020423
3 0.844805 0.329577 0.146753 0.015493
5 0.127922 0.348239 0.159740 0.016197
4 0.431818 0.348592 0.115584 0.014085
2 0.192857 0.366197 0.271429 0.019718
3 0.845455 0.365493 0.148052 0.018310
4 0.431818 0.385563 0.115584 0.016197
4 0.726623 0.383803 0.123377 0.012676
5 0.129221 0.384859 0.162338 0.014789
5 0.149351 0.404930 0.212987 0.014085
5 0.127922 0.421479 0.170130 0.011972
5 0.130519 0.440845 0.175325 0.014085
0 0.716883 0.464789 0.179221 0.014085
5 0.170779 0.478873 0.175325 0.014085
5 0.718182 0.483099 0.153247 0.014085
5 0.709740 0.537324 0.240260 0.021127
5 0.290909 0.575352 0.496104 0.016901
5 0.855195 0.602817 0.190909 0.012676
6 0.064935 0.035211 0.129870 0.070423
6 0.935065 0.035211 0.129870 0.070423
6 0.064935 0.964789 0.129870 0.070423
6 0.935065 0.964789 0.129870 0.070423
