5 0.114286 0.061268 0.161039 0.014085
5 0.110390 0.084155 0.153247 0.017606
5 0.587013 0.087676 0.207792 0.019014
5 0.853896 0.090141 0.084416 0.012676
5 0.498052 0.109859 0.323377 0.023944
5 0.827922 0.131690 0.042857 0.011268
5 0.907143 0.131690 0.029870 0.011268
5 0.585714 0.164789 0.044156 0.014085
5 0.695455 0.164789 0.066234 0.014085
5 0.373377 0.166197 0.092208 0.011268
5 0.490909 0.166197 0.025974 0.011268
5 0.309091 0.183803 0.176623 0.012676
5 0.065584 0.184859 0.058442 0.010563
5 0.680519 0.185563 0.187013 0.011972
5 0.100000 0.199296 0.127273 0.014085
1 0.318831 0.211972 0.570130 0.015493
2 0.255844 0.292606 0.392208 0.020423
3 0.844805 0.291901 0.146753 0.016197
5 0.127273 0.310915 0.166234 0.019014
4 0.431169 0.312324 0.116883 0.017606
4 0.861039 0.311268 0.098701 0.014085
2 0.207143 0.329930 0.300000 0.020423
3 0.844805 0.329577 0.146753 0.015493
4 0.861039 0.347183 0.098701 0.014085
5 0.123377 0.348239 0.150649 0.016197
4 0.431818 0.348592 0.115584 0.014085
2 0.196753 0.366197 0.279221 0.019718
3 0.837662 0.366197 0.132468 0.014085
4 0.859740 0.383099 0.101299 0.014085
5 0.129221 0.385211 0.162338 0.014085
5 0.149351 0.404930 0.212987 0.014085
5 0.127922 0.421479 0.170130 0.011972
5 0.130519 0.440845 0.175325 0.014085
0 0.716883 0.464789 0.179221 0.014085
5 0.170130 0.478169 0.176623 0.016901
5 0.718182 0.483803 0.153247 0.016901
5 0.711039 0.536972 0.224675 0.019014
5 0.290909 0.575352 0.496104 0.016901
5 0.855195 0.602817 0.190909 0.012676
6 0.064935 0.035211 0.129870 0.070423
6 0.935065 0.035211 0.129870 0.070423
6 0.064935 0.964789 0.129870 0.070423
6 0.935065 0.964789 0.129870 0.070423
