5 0.103913 0.076563 0.134783 0.021875
5 0.498696 0.106875 0.306957 0.026250
5 0.764783 0.145313 0.308696 0.021875
1 0.484348 0.230625 0.904348 0.028750
1 0.420435 0.256875 0.776522 0.023750
5 0.122609 0.280625 0.177391 0.026250
2 0.238696 0.311563 0.413043 0.026875
4 0.448696 0.353750 0.406957 0.027500
3 0.103913 0.352187 0.134783 0.016875
2 0.269565 0.391250 0.478261 0.023750
4 0.448696 0.433437 0.406957 0.023125
3 0.103043 0.432500 0.133043 0.018750
2 0.301739 0.471250 0.539130 0.025000
4 0.449565 0.513750 0.408696 0.025000
3 0.103913 0.513125 0.134783 0.017500
2 0.403913 0.550937 0.743478 0.029375
4 0.442174 0.594375 0.393913 0.027500
3 0.100870 0.592812 0.128696 0.016875
5 0.086522 0.633437 0.101739 0.021875
0 0.727826 0.663125 0.330435 0.023750
5 0.731304 0.692813 0.280000 0.023125
5 0.730870 0.720938 0.223478 0.023125
5 0.730000 0.810000 0.308696 0.026250
5 0.247391 0.839063 0.386957 0.021875
5 0.464783 0.869375 0.821739 0.028750
6 0.043478 0.031250 0.086957 0.062500
6 0.956522 0.031250 0.086957 0.062500
6 0.043478 0.968750 0.086957 0.062500
6 0.956522 0.968750 0.086957 0.062500
