5 0.110435 0.072500 0.156522 0.017500
5 0.138696 0.102813 0.214783 0.023125
5 0.594348 0.107500 0.225217 0.026250
5 0.853043 0.110937 0.080000 0.015625
5 0.496522 0.136563 0.320000 0.029375
5 0.826957 0.165313 0.045217 0.015625
5 0.903913 0.165313 0.030435 0.015625
5 0.694348 0.210000 0.063478 0.017500
5 0.403043 0.210938 0.028696 0.015625
5 0.487826 0.210938 0.027826 0.015625
5 0.584783 0.210938 0.039130 0.015625
5 0.330000 0.210625 0.013043 0.012500
5 0.305217 0.234375 0.180870 0.018750
5 0.678696 0.235313 0.185217 0.020625
5 0.061739 0.235937 0.059130 0.015625
5 0.483478 0.235625 0.097391 0.012500
5 0.487826 0.255312 0.911304 0.020625
5 0.471304 0.273125 0.878261 0.018750
5 0.479130 0.291875 0.893913 0.018750
5 0.475652 0.310625 0.886957 0.018750
5 0.408261 0.327188 0.752174 0.020625
1 0.447391 0.344687 0.830435 0.021875
2 0.252609 0.453750 0.393913 0.026250
3 0.845217 0.452188 0.147826 0.020625
5 0.123478 0.475625 0.161739 0.023750
4 0.859565 0.475625 0.098261 0.017500
3 0.851739 0.500938 0.160870 0.023125
2 0.243913 0.502812 0.376522 0.025625
5 0.179130 0.525625 0.273043 0.026250
4 0.430435 0.526250 0.113043 0.018750
2 0.286522 0.550937 0.461739 0.026875
3 0.840870 0.550312 0.139130 0.020625
5 0.118261 0.572500 0.151304 0.023750
4 0.426957 0.575625 0.106087 0.017500
2 0.202609 0.600625 0.293913 0.026250
3 0.845217 0.599063 0.147826 0.020625
5 0.123478 0.621875 0.161739 0.022500
4 0.726087 0.620938 0.121739 0.016875
5 0.145217 0.650625 0.212174 0.017500
5 0.237826 0.671875 0.397391 0.018750
5 0.126957 0.697500 0.175652 0.017500
0 0.716087 0.731250 0.176522 0.018750
5 0.166957 0.747500 0.173913 0.017500
5 0.716957 0.753750 0.152174 0.020000
5 0.708261 0.825625 0.178261 0.017500
5 0.287391 0.876563 0.498261 0.023125
5 0.855217 0.914062 0.185217 0.015625
6 0.043478 0.031250 0.086957 0.062500
6 0.956522 0.031250 0.086957 0.062500
6 0.043478 0.968750 0.086957 0.062500
6 0.956522 0.968750 0.086957 0.062500
