5 0.118831 0.059859 0.170130 0.014085
5 0.588961 0.086972 0.211688 0.020423
5 0.853896 0.089437 0.084416 0.014085
5 0.498052 0.109859 0.323377 0.023944
5 0.827922 0.131690 0.042857 0.011268
5 0.907143 0.131690 0.029870 0.011268
5 0.694156 0.164789 0.063636 0.014085
5 0.585714 0.165493 0.044156 0.012676
5 0.490909 0.166197 0.025974 0.011268
5 0.309091 0.183803 0.176623 0.012676
5 0.066883 0.184859 0.061039 0.010563
5 0.680519 0.185563 0.187013 0.011972
5 0.100000 0.199296 0.127273 0.014085
1 0.323377 0.211972 0.579221 0.015493
2 0.267532 0.292606 0.415584 0.020423
3 0.844805 0.291901 0.146753 0.016197
4 0.431169 0.311620 0.116883 0.016197
5 0.127273 0.311268 0.163636 0.014085
4 0.861039 0.311268 0.098701 0.014085
2 0.273377 0.329930 0.432468 0.020423
3 0.844805 0.329577 0.146753 0.015493
4 0.861039 0.347183 0.098701 0.014085
4 0.431818 0.348592 0.115584 0.014085
5 0.123377 0.349296 0.150649 0.014085
3 0.845455 0.365493 0.148052 0.018310
2 0.196753 0.366197 0.279221 0.019718
4 0.861039 0.383099 0.098701 0.014085
4 0.431818 0.385563 0.115584 0.016197
5 0.123377 0.385211 0.150649 0.014085
2 0.198052 0.403873 0.276623 0.020423
3 0.844805 0.402817 0.146753 0.015493
4 0.861039 0.420423 0.098701 0.014085
5 0.129221 0.421831 0.162338 0.015493
4 0.433117 0.423239 0.112987 0.012676
2 0.351299 0.440493 0.588312 0.019014
3 0.844805 0.438732 0.146753 0.015493
5 0.127922 0.456690 0.164935 0.017606
4 0.861039 0.457394 0.098701 0.011972
4 0.433117 0.458803 0.112987 0.014789
5 0.149351 0.478873 0.212987 0.014085
5 0.127922 0.495070 0.170130 0.012676
5 0.129870 0.513380 0.176623 0.016901
0 0.718182 0.539437 0.181818 0.014085
5 0.170779 0.551408 0.175325 0.015493
5 0.718182 0.557746 0.153247 0.015493
5 0.709091 0.610211 0.280519 0.021831
5 0.290909 0.648944 0.496104 0.017606
5 0.855195 0.676056 0.190909 0.012676
6 0.064935 0.035211 0.129870 0.070423
6 0.935065 0.035211 0.129870 0.070423
6 0.064935 0.964789 0.129870 0.070423
6 0.935065 0.964789 0.129870 0.070423
