5 0.112500 0.040187 0.072368 0.028037
5 0.102632 0.094393 0.136842 0.022430
5 0.603289 0.100000 0.227632 0.029907
5 0.863816 0.101869 0.080263 0.016822
5 0.505263 0.128037 0.326316 0.028037
5 0.838816 0.157477 0.046053 0.015888
5 0.916447 0.157477 0.030263 0.015888
5 0.409211 0.201869 0.028947 0.016822
5 0.495395 0.201869 0.027632 0.016822
5 0.594737 0.201869 0.042105 0.016822
5 0.703289 0.201869 0.067105 0.016822
5 0.687500 0.227103 0.190789 0.022430
5 0.311184 0.226168 0.180263 0.018692
5 0.066447 0.226168 0.059211 0.014953
5 0.100658 0.246729 0.127632 0.018692
1 0.298684 0.263551 0.523684 0.022430
2 0.259868 0.373364 0.398684 0.023364
3 0.857237 0.371963 0.148684 0.020561
5 0.128289 0.395794 0.167105 0.023364
4 0.871711 0.395794 0.098684 0.017757
4 0.437500 0.398131 0.114474 0.018692
2 0.238158 0.422430 0.357895 0.026168
3 0.850000 0.420561 0.134211 0.020561
5 0.175000 0.445794 0.260526 0.024299
4 0.437500 0.446729 0.114474 0.018692
2 0.196053 0.471495 0.276316 0.025234
3 0.857237 0.469159 0.148684 0.020561
5 0.128289 0.492991 0.167105 0.023364
4 0.871711 0.492523 0.098684 0.016822
4 0.437500 0.494860 0.114474 0.019626
5 0.151316 0.521495 0.215789 0.018692
5 0.128947 0.542523 0.171053 0.017757
5 0.131579 0.567290 0.176316 0.016822
0 0.726316 0.600467 0.178947 0.017757
5 0.173026 0.617757 0.175000 0.016822
5 0.726974 0.624299 0.153947 0.018692
5 0.719737 0.694393 0.236842 0.026168
5 0.295395 0.747196 0.503947 0.021495
5 0.865789 0.782243 0.189474 0.014953
6 0.065789 0.046729 0.131579 0.093458
6 0.934211 0.046729 0.131579 0.093458
6 0.065789 0.953271 0.131579 0.093458
6 0.934211 0.953271 0.131579 0.093458
