5 0.110435 0.072188 0.156522 0.016875
5 0.097826 0.101875 0.131304 0.021250
5 0.594348 0.107500 0.225217 0.026250
5 0.853043 0.110937 0.080000 0.015625
5 0.497391 0.136563 0.321739 0.029375
5 0.826957 0.165313 0.045217 0.015625
5 0.903913 0.165313 0.030435 0.015625
5 0.584783 0.210000 0.039130 0.017500
5 0.694348 0.210000 0.063478 0.017500
5 0.403043 0.210938 0.028696 0.015625
5 0.487826 0.210938 0.027826 0.015625
5 0.331304 0.210625 0.015652 0.012500
5 0.305217 0.234375 0.180870 0.018750
5 0.706087 0.235313 0.240000 0.020625
5 0.126957 0.234063 0.024348 0.015625
5 0.061739 0.235937 0.059130 0.015625
5 0.483478 0.235625 0.097391 0.012500
5 0.485217 0.255000 0.906087 0.020000
5 0.489565 0.273125 0.914783 0.018750
5 0.488696 0.291875 0.913043 0.018750
5 0.430000 0.309375 0.795652 0.018750
1 0.459565 0.326875 0.854783 0.023750
2 0.198261 0.435625 0.285217 0.025000
3 0.845217 0.435000 0.147826 0.020000
5 0.123478 0.458125 0.161739 0.021250
4 0.859565 0.457813 0.098261 0.015625
2 0.193043 0.485312 0.274783 0.025625
3 0.845217 0.483438 0.147826 0.020625
5 0.123478 0.506875 0.161739 0.023750
4 0.726087 0.506875 0.121739 0.017500
4 0.430435 0.509375 0.113043 0.018750
5 0.145652 0.535000 0.213043 0.017500
5 0.258696 0.556875 0.439130 0.017500
5 0.126957 0.581875 0.175652 0.017500
0 0.716087 0.615625 0.176522 0.018750
5 0.166957 0.631875 0.173913 0.017500
5 0.717391 0.639687 0.153043 0.020625
5 0.708261 0.709375 0.247826 0.018750
5 0.287391 0.761875 0.498261 0.021250
5 0.854783 0.798438 0.184348 0.015625
6 0.043478 0.031250 0.086957 0.062500
6 0.956522 0.031250 0.086957 0.062500
6 0.043478 0.968750 0.086957 0.062500
6 0.956522 0.968750 0.086957 0.062500
