5 0.103913 0.076563 0.134783 0.021875
5 0.498696 0.106875 0.306957 0.026250
5 0.899565 0.141875 0.042609 0.021250
5 0.723478 0.145313 0.226087 0.021875
1 0.487826 0.231875 0.911304 0.027500
1 0.484348 0.255312 0.904348 0.026875
5 0.122609 0.280625 0.177391 0.026250
2 0.403913 0.310312 0.743478 0.029375
4 0.442174 0.352812 0.393913 0.025625
3 0.100870 0.352187 0.128696 0.016875
2 0.269130 0.391250 0.479130 0.026250
4 0.448696 0.433437 0.406957 0.023125
3 0.103043 0.432500 0.133043 0.018750
2 0.396522 0.471562 0.728696 0.028125
4 0.449565 0.513750 0.408696 0.025000
3 0.103913 0.513125 0.134783 0.017500
5 0.495217 0.550625 0.917391 0.026250
5 0.079130 0.574063 0.085217 0.016875
0 0.727826 0.583125 0.330435 0.026250
5 0.730870 0.611875 0.280870 0.025000
5 0.731304 0.640312 0.224348 0.021875
5 0.730000 0.747188 0.310435 0.031875
5 0.247391 0.776563 0.386957 0.021875
5 0.464783 0.806875 0.821739 0.026250
6 0.043478 0.031250 0.086957 0.062500
6 0.956522 0.031250 0.086957 0.062500
6 0.043478 0.968750 0.086957 0.062500
6 0.956522 0.968750 0.086957 0.062500
