5 0.172609 0.070000 0.280870 0.018750
5 0.586522 0.107500 0.209565 0.026250
5 0.853043 0.110937 0.080000 0.015625
5 0.497391 0.136563 0.321739 0.029375
5 0.826957 0.164687 0.045217 0.014375
5 0.903913 0.165313 0.030435 0.015625
5 0.694348 0.210000 0.063478 0.017500
5 0.330435 0.210938 0.017391 0.015625
5 0.403043 0.210938 0.028696 0.015625
5 0.487826 0.210938 0.027826 0.015625
5 0.584783 0.210938 0.039130 0.015625
5 0.678696 0.235313 0.185217 0.020625
5 0.305217 0.235000 0.180870 0.017500
5 0.061739 0.235937 0.059130 0.015625
5 0.096522 0.255000 0.128696 0.017500
1 0.359565 0.272500 0.654783 0.022500
2 0.262609 0.381875 0.413913 0.026250
3 0.845217 0.380312 0.147826 0.020625
5 0.123478 0.403750 0.161739 0.020000
4 0.726957 0.403750 0.120000 0.017500
4 0.430435 0.406250 0.113043 0.018750
2 0.243043 0.431250 0.374783 0.025000
3 0.845217 0.430312 0.147826 0.020625
5 0.118261 0.452188 0.151304 0.023125
4 0.726957 0.452188 0.120000 0.016875
4 0.430000 0.454688 0.113913 0.020625
2 0.353913 0.478125 0.596522 0.028750
3 0.841739 0.478438 0.140870 0.020625
5 0.123478 0.501875 0.161739 0.021250
4 0.722609 0.500625 0.114783 0.017500
4 0.426957 0.503750 0.106087 0.017500
5 0.145652 0.530312 0.213043 0.016875
5 0.124348 0.551250 0.172174 0.020000
5 0.126957 0.577187 0.175652 0.016875
0 0.716087 0.610000 0.176522 0.017500
5 0.166957 0.627188 0.173913 0.016875
5 0.716957 0.634375 0.152174 0.018750
5 0.709565 0.704063 0.206957 0.020625
5 0.287391 0.756563 0.498261 0.020625
5 0.855217 0.792188 0.185217 0.015625
6 0.043478 0.031250 0.086957 0.062500
6 0.956522 0.031250 0.086957 0.062500
6 0.043478 0.968750 0.086957 0.062500
6 0.956522 0.968750 0.086957 0.062500
