5 0.112500 0.040187 0.072368 0.028037
5 0.101974 0.094393 0.135526 0.022430
5 0.604605 0.100000 0.230263 0.029907
5 0.863816 0.101869 0.082895 0.016822
5 0.505263 0.128037 0.326316 0.028037
5 0.838816 0.157477 0.046053 0.015888
5 0.916447 0.157477 0.030263 0.015888
5 0.263816 0.202804 0.035526 0.018692
5 0.408553 0.201869 0.027632 0.016822
5 0.494737 0.201402 0.026316 0.015888
5 0.593421 0.201869 0.039474 0.016822
5 0.703289 0.201869 0.067105 0.016822
5 0.687500 0.227103 0.190789 0.022430
5 0.311184 0.226168 0.180263 0.018692
5 0.066447 0.226168 0.059211 0.014953
5 0.100658 0.246729 0.127632 0.018692
1 0.373684 0.264486 0.673684 0.020561
2 0.210526 0.373364 0.300000 0.023364
3 0.857237 0.371963 0.148684 0.020561
5 0.175000 0.397196 0.260526 0.024299
4 0.871711 0.395794 0.098684 0.017757
4 0.437500 0.398131 0.114474 0.018692
2 0.204605 0.422430 0.293421 0.026168
3 0.850000 0.420561 0.134211 0.020561
5 0.128289 0.444393 0.167105 0.023364
4 0.871711 0.443925 0.098684 0.016822
5 0.151316 0.471963 0.215789 0.016822
5 0.128947 0.493925 0.171053 0.017757
5 0.131579 0.519159 0.176316 0.017757
0 0.726974 0.551869 0.180263 0.017757
5 0.173026 0.569159 0.175000 0.016822
5 0.726974 0.575701 0.153947 0.018692
5 0.719737 0.645794 0.205263 0.024299
5 0.294079 0.698598 0.501316 0.019626
5 0.867105 0.734112 0.186842 0.015888
6 0.065789 0.046729 0.131579 0.093458
6 0.934211 0.046729 0.131579 0.093458
6 0.065789 0.953271 0.131579 0.093458
6 0.934211 0.953271 0.131579 0.093458
