5 0.589474 0.025234 0.200000 0.029907
5 0.864474 0.027570 0.081579 0.015888
5 0.111184 0.040187 0.075000 0.028037
5 0.505263 0.053271 0.326316 0.029907
5 0.838816 0.082243 0.046053 0.014953
5 0.916447 0.082243 0.030263 0.014953
5 0.495395 0.127103 0.027632 0.016822
5 0.594737 0.127103 0.042105 0.016822
5 0.704605 0.127103 0.064474 0.016822
5 0.409211 0.127570 0.028947 0.015888
5 0.688158 0.152804 0.189474 0.021495
5 0.311184 0.151869 0.180263 0.019626
5 0.066447 0.152804 0.059211 0.015888
5 0.100658 0.171963 0.127632 0.018692
1 0.259211 0.189720 0.444737 0.020561
2 0.214474 0.298598 0.307895 0.023364
3 0.857237 0.297196 0.148684 0.020561
5 0.128289 0.321028 0.167105 0.023364
2 0.307895 0.347196 0.497368 0.027103
3 0.857237 0.345794 0.148684 0.020561
5 0.126974 0.369626 0.164474 0.023364
3 0.857237 0.394393 0.151316 0.022430
2 0.248026 0.396729 0.377632 0.025234
5 0.126974 0.417757 0.164474 0.024299
2 0.250000 0.444860 0.378947 0.024299
3 0.857237 0.443925 0.148684 0.020561
5 0.122368 0.465888 0.155263 0.023364
5 0.151316 0.494860 0.215789 0.019626
5 0.128947 0.515888 0.171053 0.016822
5 0.131579 0.542056 0.176316 0.018692
0 0.726974 0.575234 0.180263 0.017757
5 0.173026 0.591121 0.175000 0.017757
5 0.726974 0.599533 0.153947 0.019626
5 0.719737 0.670561 0.234211 0.019626
5 0.294079 0.721028 0.501316 0.021495
5 0.865789 0.757477 0.189474 0.015888
6 0.065789 0.046729 0.131579 0.093458
6 0.934211 0.046729 0.131579 0.093458
6 0.065789 0.953271 0.131579 0.093458
6 0.934211 0.953271 0.131579 0.093458
