5 0.110435 0.072500 0.156522 0.017500
5 0.097826 0.101875 0.131304 0.021250
5 0.594348 0.107500 0.225217 0.026250
5 0.852174 0.110937 0.078261 0.015625
5 0.497391 0.136563 0.321739 0.029375
5 0.826957 0.165313 0.045217 0.015625
5 0.903913 0.165313 0.030435 0.015625
5 0.584783 0.210000 0.039130 0.017500
5 0.694348 0.210000 0.063478 0.017500
5 0.403043 0.210938 0.028696 0.015625
5 0.487826 0.210938 0.027826 0.015625
5 0.331304 0.210625 0.015652 0.012500
5 0.373478 0.234375 0.317391 0.018750
5 0.706087 0.235313 0.240000 0.020625
5 0.061739 0.235937 0.059130 0.015625
5 0.126957 0.235000 0.024348 0.013750
5 0.485217 0.255000 0.906087 0.020000
5 0.489565 0.273125 0.914783 0.018750
5 0.488696 0.291875 0.913043 0.018750
5 0.355217 0.310000 0.646087 0.021250
1 0.448696 0.327188 0.833043 0.020625
1 0.228261 0.345938 0.395652 0.016875
2 0.260870 0.436563 0.408696 0.023125
3 0.845217 0.435000 0.147826 0.020000
5 0.123478 0.458125 0.161739 0.021250
4 0.430435 0.460000 0.113043 0.017500
2 0.217826 0.485312 0.324348 0.025625
3 0.841739 0.483125 0.140870 0.020000
5 0.123478 0.506875 0.161739 0.023750
4 0.435652 0.509375 0.123478 0.018750
2 0.213478 0.533750 0.315652 0.026250
3 0.844348 0.531563 0.146087 0.020625
5 0.116957 0.555312 0.153913 0.023125
4 0.868261 0.555312 0.115652 0.016875
5 0.145652 0.584375 0.213043 0.018750
5 0.263913 0.605313 0.449565 0.016875
5 0.126957 0.631250 0.175652 0.018750
0 0.716087 0.663750 0.176522 0.018750
5 0.166522 0.680625 0.174783 0.021250
5 0.716957 0.688125 0.152174 0.017500
5 0.709565 0.759375 0.259130 0.025000
5 0.287391 0.810312 0.498261 0.021875
5 0.854783 0.846562 0.184348 0.015625
6 0.043478 0.031250 0.086957 0.062500
6 0.956522 0.031250 0.086957 0.062500
6 0.043478 0.968750 0.086957 0.062500
6 0.956522 0.968750 0.086957 0.062500
