5 0.103913 0.076563 0.134783 0.021875
5 0.498696 0.106875 0.306957 0.026250
5 0.899565 0.141250 0.039130 0.017500
5 0.723478 0.145313 0.226087 0.021875
1 0.480000 0.231875 0.895652 0.026250
1 0.166957 0.257812 0.269565 0.021875
5 0.121739 0.280625 0.179130 0.026250
2 0.429130 0.311563 0.793913 0.026875
4 0.442174 0.352812 0.393913 0.025625
3 0.100870 0.352187 0.128696 0.016875
5 0.259130 0.391562 0.450435 0.026875
0 0.727826 0.421875 0.330435 0.026250
5 0.731304 0.452188 0.280000 0.023125
5 0.731304 0.480312 0.224348 0.023125
5 0.730000 0.567187 0.230435 0.021875
5 0.247391 0.598437 0.386957 0.021875
5 0.464783 0.628750 0.821739 0.026250
6 0.043478 0.031250 0.086957 0.062500
6 0.956522 0.031250 0.086957 0.062500
6 0.043478 0.968750 0.086957 0.062500
6 0.956522 0.968750 0.086957 0.062500
