5 0.179221 0.059859 0.290909 0.014085
5 0.588961 0.087676 0.211688 0.019014
5 0.853896 0.089437 0.084416 0.014085
5 0.498052 0.109859 0.323377 0.023944
5 0.827922 0.131690 0.042857 0.011268
5 0.907143 0.131690 0.029870 0.011268
5 0.585714 0.164789 0.044156 0.014085
5 0.373377 0.165493 0.092208 0.012676
5 0.696753 0.165493 0.063636 0.012676
5 0.490909 0.166197 0.025974 0.011268
5 0.310390 0.183803 0.179221 0.012676
5 0.066883 0.184859 0.061039 0.010563
5 0.680519 0.185563 0.187013 0.011972
5 0.100000 0.199296 0.127273 0.014085
1 0.180519 0.211972 0.293506 0.015493
2 0.212338 0.292606 0.305195 0.020423
3 0.844805 0.291901 0.146753 0.016197
5 0.127273 0.310915 0.166234 0.019014
4 0.431169 0.312324 0.116883 0.017606
4 0.859740 0.310563 0.101299 0.012676
5 0.149351 0.331690 0.212987 0.014085
5 0.125974 0.348944 0.174026 0.014789
5 0.130519 0.367606 0.175325 0.014085
0 0.716883 0.391901 0.179221 0.016197
5 0.170779 0.404930 0.175325 0.014085
5 0.718182 0.410563 0.153247 0.016901
5 0.707792 0.461972 0.184416 0.015493
5 0.292208 0.502113 0.498701 0.014085
5 0.855195 0.529577 0.190909 0.012676
6 0.064935 0.035211 0.129870 0.070423
6 0.935065 0.035211 0.129870 0.070423
6 0.064935 0.964789 0.129870 0.070423
6 0.935065 0.964789 0.129870 0.070423
