5 0.103913 0.076563 0.134783 0.021875
5 0.498696 0.106875 0.306957 0.026250
5 0.899565 0.141250 0.039130 0.017500
5 0.723478 0.145313 0.226087 0.021875
1 0.421304 0.232500 0.778261 0.028750
5 0.121304 0.261875 0.178261 0.026250
2 0.261739 0.292187 0.459130 0.028125
4 0.448261 0.333437 0.406087 0.023125
3 0.103913 0.333437 0.134783 0.016875
2 0.366957 0.370937 0.674783 0.029375
4 0.449565 0.414687 0.408696 0.026875
3 0.110435 0.413125 0.147826 0.017500
2 0.311304 0.452500 0.558261 0.025000
4 0.449565 0.495000 0.408696 0.025000
3 0.103043 0.493750 0.133043 0.018750
5 0.086522 0.534375 0.100000 0.018750
0 0.727826 0.563125 0.330435 0.026250
5 0.730870 0.593125 0.280870 0.025000
5 0.730870 0.620938 0.223478 0.023125
5 0.730000 0.710313 0.310435 0.031875
5 0.247391 0.739062 0.386957 0.021875
5 0.464783 0.770000 0.821739 0.025000
6 0.043478 0.031250 0.086957 0.062500
6 0.956522 0.031250 0.086957 0.062500
6 0.043478 0.968750 0.086957 0.062500
6 0.956522 0.968750 0.086957 0.062500
