5 0.110390 0.043310 0.077922 0.021831
5 0.106494 0.083803 0.145455 0.016901
5 0.596104 0.087676 0.225974 0.019014
5 0.853896 0.090141 0.084416 0.012676
5 0.498052 0.109859 0.323377 0.023944
5 0.827922 0.131690 0.042857 0.011268
5 0.905195 0.131690 0.025974 0.011268
5 0.585714 0.164789 0.044156 0.014085
5 0.696753 0.165493 0.063636 0.012676
5 0.490909 0.166197 0.025974 0.011268
5 0.310390 0.183803 0.179221 0.012676
5 0.065584 0.184859 0.058442 0.010563
5 0.680519 0.185563 0.187013 0.011972
5 0.483117 0.199648 0.893506 0.011972
5 0.480519 0.211972 0.893506 0.015493
5 0.240909 0.227817 0.409091 0.011972
1 0.318831 0.241549 0.559740 0.015493
2 0.228571 0.320775 0.337662 0.020423
3 0.844805 0.319718 0.146753 0.015493
5 0.182468 0.339437 0.274026 0.014085
4 0.431818 0.339437 0.115584 0.014085
5 0.150649 0.360563 0.210390 0.012676
5 0.127922 0.375352 0.170130 0.014085
5 0.222727 0.394366 0.359740 0.014085
0 0.716883 0.419014 0.179221 0.014085
5 0.170779 0.432394 0.175325 0.015493
5 0.720130 0.438732 0.149351 0.012676
5 0.709091 0.490845 0.228571 0.021127
5 0.290909 0.529930 0.496104 0.017606
5 0.853247 0.556690 0.187013 0.013380
6 0.064935 0.035211 0.129870 0.070423
6 0.935065 0.035211 0.129870 0.070423
6 0.064935 0.964789 0.129870 0.070423
6 0.935065 0.964789 0.129870 0.070423
