5 0.110435 0.072188 0.156522 0.016875
5 0.097826 0.101875 0.131304 0.021250
5 0.580000 0.107500 0.196522 0.026250
5 0.852174 0.110000 0.078261 0.017500
5 0.497391 0.136563 0.321739 0.029375
5 0.826957 0.165313 0.045217 0.015625
5 0.903913 0.166250 0.030435 0.013750
5 0.694348 0.210000 0.063478 0.017500
5 0.329130 0.210000 0.014783 0.013750
5 0.403043 0.210938 0.028696 0.015625
5 0.487826 0.210938 0.027826 0.015625
5 0.584783 0.210938 0.039130 0.015625
5 0.305217 0.234375 0.180870 0.018750
5 0.706087 0.235313 0.240000 0.020625
5 0.061739 0.235937 0.059130 0.015625
5 0.126957 0.235000 0.024348 0.013750
5 0.483478 0.235625 0.097391 0.012500
5 0.485217 0.255000 0.906087 0.020000
5 0.489565 0.273125 0.914783 0.018750
5 0.488696 0.291875 0.913043 0.018750
5 0.430000 0.310000 0.795652 0.021250
1 0.485652 0.327188 0.906957 0.020625
1 0.075652 0.344375 0.086957 0.013750
2 0.287826 0.436563 0.462609 0.023125
3 0.842174 0.435000 0.141739 0.020000
5 0.123478 0.458125 0.161739 0.021250
4 0.426957 0.460000 0.106087 0.017500
2 0.213478 0.485000 0.315652 0.026250
3 0.844348 0.482500 0.146087 0.018750
5 0.123478 0.506875 0.161739 0.023750
4 0.868261 0.506875 0.115652 0.017500
5 0.145652 0.535000 0.213043 0.017500
5 0.253043 0.556875 0.427826 0.017500
5 0.126957 0.581875 0.175652 0.017500
0 0.716957 0.615625 0.178261 0.018750
5 0.166957 0.631875 0.173913 0.017500
5 0.717391 0.639687 0.153043 0.020625
5 0.708261 0.710000 0.235652 0.023750
5 0.287391 0.761875 0.498261 0.021250
5 0.854783 0.798438 0.184348 0.015625
6 0.043478 0.031250 0.086957 0.062500
6 0.956522 0.031250 0.086957 0.062500
6 0.043478 0.968750 0.086957 0.062500
6 0.956522 0.968750 0.086957 0.062500
