5 0.110435 0.072188 0.156522 0.016875
5 0.097826 0.101875 0.131304 0.021250
5 0.594348 0.107500 0.225217 0.026250
5 0.853043 0.110937 0.080000 0.015625
5 0.497391 0.136563 0.321739 0.029375
5 0.826957 0.164687 0.045217 0.014375
5 0.905217 0.166875 0.027826 0.012500
5 0.693478 0.210000 0.065217 0.017500
5 0.330435 0.210938 0.017391 0.015625
5 0.403043 0.210938 0.028696 0.015625
5 0.487826 0.210938 0.027826 0.015625
5 0.584783 0.210938 0.039130 0.015625
5 0.706087 0.235313 0.240000 0.020625
5 0.305217 0.235000 0.180870 0.017500
5 0.061739 0.235937 0.059130 0.015625
5 0.128261 0.235625 0.021739 0.012500
5 0.482174 0.235625 0.100000 0.012500
5 0.096087 0.255625 0.129565 0.020000
1 0.480000 0.273125 0.895652 0.018750
1 0.173478 0.291250 0.282609 0.017500
2 0.287391 0.382188 0.463478 0.026875
3 0.840870 0.379375 0.139130 0.018750
5 0.123478 0.403750 0.161739 0.023750
4 0.723478 0.403750 0.113043 0.017500
4 0.426957 0.406250 0.106087 0.018750
2 0.216957 0.430937 0.322609 0.025625
3 0.842174 0.430312 0.141739 0.020625
5 0.118261 0.452188 0.151304 0.023125
4 0.435652 0.454375 0.123478 0.018750
2 0.353913 0.478125 0.596522 0.028750
3 0.842174 0.478750 0.141739 0.020000
5 0.123478 0.501250 0.161739 0.022500
4 0.722609 0.500625 0.114783 0.017500
4 0.426957 0.503750 0.106087 0.017500
5 0.145652 0.530312 0.213043 0.016875
5 0.258696 0.551250 0.439130 0.018750
5 0.126957 0.577187 0.175652 0.016875
0 0.716087 0.610000 0.176522 0.017500
5 0.166957 0.627188 0.173913 0.016875
5 0.716957 0.635000 0.152174 0.017500
5 0.709565 0.704688 0.259130 0.021875
5 0.287391 0.756563 0.498261 0.020625
5 0.854783 0.792813 0.184348 0.014375
6 0.043478 0.031250 0.086957 0.062500
6 0.956522 0.031250 0.086957 0.062500
6 0.043478 0.968750 0.086957 0.062500
6 0.956522 0.968750 0.086957 0.062500
