5 0.110435 0.072188 0.156522 0.016875
5 0.143043 0.102500 0.221739 0.021250
5 0.594348 0.107500 0.225217 0.026250
5 0.852174 0.110937 0.078261 0.015625
5 0.496522 0.136563 0.320000 0.029375
5 0.826957 0.164687 0.045217 0.014375
5 0.903913 0.165313 0.030435 0.015625
5 0.584348 0.210000 0.041739 0.018750
5 0.694348 0.210000 0.063478 0.017500
5 0.403043 0.210938 0.028696 0.015625
5 0.487826 0.210938 0.027826 0.015625
5 0.331304 0.210625 0.015652 0.012500
5 0.697391 0.235625 0.222609 0.020000
5 0.306522 0.235000 0.178261 0.017500
5 0.061739 0.235937 0.059130 0.015625
5 0.126957 0.235000 0.024348 0.013750
5 0.513913 0.235625 0.041739 0.012500
5 0.096087 0.255625 0.129565 0.020000
1 0.475652 0.272188 0.886957 0.024375
3 0.844348 0.380000 0.146087 0.021250
2 0.328696 0.382812 0.546087 0.026875
5 0.123478 0.403750 0.161739 0.023750
4 0.859565 0.403750 0.098261 0.017500
4 0.430435 0.406250 0.113043 0.018750
5 0.145652 0.431875 0.213043 0.017500
5 0.124783 0.453750 0.171304 0.017500
5 0.126957 0.480312 0.175652 0.016875
0 0.716087 0.513125 0.176522 0.017500
5 0.166957 0.528750 0.173913 0.017500
5 0.716957 0.536563 0.152174 0.016875
5 0.708261 0.607812 0.183478 0.024375
5 0.287391 0.658750 0.498261 0.021250
5 0.854783 0.695312 0.184348 0.015625
6 0.043478 0.031250 0.086957 0.062500
6 0.956522 0.031250 0.086957 0.062500
6 0.043478 0.968750 0.086957 0.062500
6 0.956522 0.968750 0.086957 0.062500
