5 0.112500 0.040187 0.072368 0.028037
5 0.100658 0.094393 0.132895 0.022430
5 0.603289 0.100000 0.227632 0.029907
5 0.864474 0.101869 0.081579 0.016822
5 0.505263 0.128037 0.326316 0.028037
5 0.838816 0.157477 0.046053 0.015888
5 0.916447 0.157477 0.030263 0.015888
5 0.409211 0.201869 0.028947 0.016822
5 0.495395 0.201402 0.027632 0.015888
5 0.593421 0.201869 0.039474 0.016822
5 0.703947 0.201869 0.068421 0.016822
5 0.687500 0.227103 0.190789 0.022430
5 0.311184 0.226168 0.180263 0.018692
5 0.066447 0.226168 0.059211 0.014953
5 0.500658 0.247196 0.927632 0.019626
5 0.496053 0.265888 0.923684 0.017757
5 0.136842 0.284112 0.205263 0.018692
1 0.486842 0.302336 0.900000 0.021495
1 0.502632 0.319626 0.936842 0.018692
1 0.094737 0.337383 0.121053 0.018692
2 0.259868 0.409813 0.398684 0.027103
3 0.857237 0.408879 0.148684 0.021495
5 0.128289 0.431776 0.167105 0.024299
4 0.736842 0.431776 0.121053 0.016822
4 0.437500 0.433645 0.114474 0.018692
2 0.238158 0.459346 0.357895 0.025234
3 0.857237 0.457944 0.148684 0.020561
5 0.128289 0.480374 0.167105 0.024299
4 0.437500 0.482243 0.114474 0.018692
2 0.196053 0.507009 0.276316 0.025234
3 0.857237 0.506542 0.148684 0.020561
5 0.128289 0.528972 0.167105 0.024299
4 0.735526 0.528505 0.121053 0.017757
4 0.436842 0.530841 0.115789 0.020561
5 0.151316 0.557009 0.215789 0.018692
5 0.128947 0.578505 0.171053 0.016822
5 0.131579 0.604206 0.176316 0.019626
0 0.726316 0.637850 0.178947 0.017757
5 0.173026 0.653271 0.175000 0.016822
5 0.727632 0.661682 0.155263 0.020561
5 0.719737 0.734112 0.234211 0.021495
5 0.294079 0.783645 0.501316 0.021495
5 0.865789 0.820093 0.189474 0.015888
6 0.065789 0.046729 0.131579 0.093458
6 0.934211 0.046729 0.131579 0.093458
6 0.065789 0.953271 0.131579 0.093458
6 0.934211 0.953271 0.131579 0.093458
