5 0.114286 0.061972 0.155844 0.012676
5 0.100000 0.083099 0.135065 0.019718
5 0.596104 0.087324 0.225974 0.019718
5 0.853896 0.089437 0.084416 0.014085
5 0.498052 0.109859 0.323377 0.023944
5 0.827922 0.131690 0.042857 0.011268
5 0.907143 0.131690 0.029870 0.011268
5 0.372078 0.165493 0.094805 0.012676
5 0.587662 0.165493 0.040260 0.012676
5 0.696753 0.165493 0.063636 0.012676
5 0.490909 0.166197 0.025974 0.011268
5 0.309091 0.183803 0.176623 0.012676
5 0.065584 0.184859 0.058442 0.010563
5 0.680519 0.185563 0.187013 0.011972
5 0.100000 0.199296 0.127273 0.014085
1 0.479221 0.211268 0.890909 0.016901
1 0.148701 0.227817 0.224675 0.011972
2 0.254545 0.293310 0.389610 0.020423
3 0.844805 0.291901 0.146753 0.016197
5 0.127922 0.311620 0.159740 0.017606
4 0.433117 0.313028 0.112987 0.016197
2 0.222727 0.329930 0.331169 0.020423
3 0.844805 0.329577 0.146753 0.015493
5 0.127922 0.348239 0.159740 0.016197
4 0.431818 0.348592 0.115584 0.014085
2 0.255844 0.366197 0.397403 0.019718
3 0.844805 0.366197 0.146753 0.016901
4 0.727922 0.383803 0.120779 0.012676
5 0.123377 0.385211 0.150649 0.014085
4 0.433117 0.386620 0.112987 0.014085
5 0.149351 0.404930 0.212987 0.014085
5 0.127922 0.421479 0.170130 0.011972
5 0.227273 0.439789 0.368831 0.017606
0 0.718182 0.464789 0.181818 0.014085
5 0.170779 0.478873 0.175325 0.014085
5 0.718182 0.483099 0.153247 0.014085
5 0.709740 0.537324 0.240260 0.021127
5 0.290909 0.575352 0.496104 0.016901
5 0.855195 0.602817 0.190909 0.012676
6 0.064935 0.035211 0.129870 0.070423
6 0.935065 0.035211 0.129870 0.070423
6 0.064935 0.964789 0.129870 0.070423
6 0.935065 0.964789 0.129870 0.070423
