5 0.110435 0.072188 0.156522 0.016875
5 0.097826 0.101875 0.131304 0.021250
5 0.594348 0.107500 0.225217 0.026250
5 0.853043 0.110937 0.080000 0.015625
5 0.497391 0.136563 0.321739 0.029375
5 0.826957 0.164687 0.045217 0.014375
5 0.903913 0.165313 0.030435 0.015625
5 0.584783 0.210000 0.039130 0.017500
5 0.694348 0.210000 0.063478 0.017500
5 0.403043 0.210938 0.028696 0.015625
5 0.487826 0.210938 0.027826 0.015625
5 0.331304 0.210625 0.015652 0.012500
5 0.706087 0.235000 0.240000 0.021250
5 0.305217 0.234375 0.180870 0.018750
5 0.061739 0.235937 0.059130 0.015625
5 0.126957 0.235000 0.024348 0.013750
5 0.484783 0.235625 0.100000 0.012500
5 0.211739 0.255312 0.359130 0.020625
1 0.476522 0.273125 0.888696 0.018750
1 0.270435 0.292187 0.476522 0.019375
2 0.193913 0.381875 0.276522 0.026250
3 0.845217 0.380312 0.147826 0.020625
5 0.123478 0.403750 0.161739 0.023750
4 0.430435 0.406250 0.113043 0.018750
2 0.353913 0.429688 0.596522 0.028125
3 0.840870 0.430312 0.139130 0.020625
5 0.123478 0.452500 0.161739 0.023750
4 0.723478 0.452188 0.113043 0.016875
4 0.426957 0.455313 0.106087 0.016875
2 0.263043 0.480312 0.413043 0.023125
3 0.845217 0.478750 0.147826 0.020000
5 0.123478 0.501875 0.161739 0.021250
4 0.726957 0.501563 0.120000 0.015625
4 0.430435 0.503750 0.113043 0.017500
2 0.190870 0.528750 0.270435 0.026250
3 0.842174 0.527188 0.141739 0.020625
5 0.123478 0.550625 0.161739 0.023750
4 0.723478 0.550625 0.113043 0.017500
4 0.426957 0.553125 0.106087 0.018750
5 0.145217 0.579375 0.213913 0.018750
5 0.263913 0.600000 0.449565 0.018750
5 0.126957 0.625625 0.175652 0.017500
0 0.716087 0.659375 0.176522 0.018750
5 0.166957 0.675625 0.173913 0.017500
5 0.717391 0.683438 0.153043 0.020625
5 0.708261 0.753750 0.235652 0.023750
5 0.287391 0.805625 0.498261 0.021250
5 0.854783 0.841562 0.184348 0.015625
6 0.043478 0.031250 0.086957 0.062500
6 0.956522 0.031250 0.086957 0.062500
6 0.043478 0.968750 0.086957 0.062500
6 0.956522 0.968750 0.086957 0.062500
