5 0.103913 0.076563 0.134783 0.021875
5 0.498696 0.106875 0.306957 0.026250
5 0.723478 0.145313 0.226087 0.021875
5 0.899565 0.142813 0.039130 0.016875
1 0.488696 0.231875 0.913043 0.027500
1 0.362609 0.255625 0.666087 0.028750
5 0.121739 0.280625 0.179130 0.026250
2 0.238696 0.311563 0.413043 0.026875
4 0.512609 0.353438 0.534783 0.026875
3 0.103913 0.352187 0.134783 0.016875
2 0.226522 0.391250 0.393913 0.026250
4 0.512609 0.433125 0.534783 0.023750
3 0.103043 0.432500 0.133043 0.018750
2 0.403913 0.470313 0.743478 0.030625
4 0.505217 0.513750 0.520000 0.025000
3 0.100870 0.513125 0.128696 0.017500
2 0.218261 0.552188 0.372174 0.026875
4 0.353913 0.593750 0.217391 0.025000
3 0.100870 0.592812 0.128696 0.016875
2 0.337826 0.632500 0.611304 0.025000
4 0.362609 0.675000 0.234783 0.025000
3 0.103043 0.673125 0.133043 0.018750
5 0.086522 0.713750 0.100000 0.018750
0 0.727826 0.743750 0.330435 0.025000
5 0.731304 0.772500 0.280000 0.023750
5 0.731304 0.801562 0.224348 0.021875
5 0.730870 0.889062 0.298261 0.024375
5 0.247391 0.919375 0.386957 0.020000
5 0.464783 0.949063 0.821739 0.029375
6 0.043478 0.031250 0.086957 0.062500
6 0.956522 0.031250 0.086957 0.062500
6 0.043478 0.968750 0.086957 0.062500
6 0.956522 0.968750 0.086957 0.062500
