5 0.110435 0.072188 0.156522 0.016875
5 0.097826 0.101875 0.131304 0.021250
5 0.580000 0.107500 0.196522 0.026250
5 0.853043 0.110937 0.080000 0.015625
5 0.496522 0.136563 0.320000 0.029375
5 0.826957 0.165313 0.045217 0.015625
5 0.903913 0.165313 0.030435 0.015625
5 0.694348 0.210000 0.063478 0.017500
5 0.403043 0.210938 0.028696 0.015625
5 0.487826 0.210938 0.027826 0.015625
5 0.583478 0.210938 0.036522 0.015625
5 0.331304 0.210625 0.015652 0.012500
5 0.305217 0.234375 0.180870 0.018750
5 0.697391 0.235625 0.222609 0.020000
5 0.061739 0.235937 0.059130 0.015625
5 0.126957 0.235000 0.024348 0.013750
5 0.484783 0.235625 0.100000 0.012500
5 0.267826 0.255625 0.471304 0.018750
1 0.490870 0.273438 0.917391 0.019375
1 0.351739 0.291875 0.639130 0.018750
2 0.353913 0.381250 0.596522 0.028750
3 0.840870 0.379375 0.139130 0.018750
5 0.123478 0.403750 0.161739 0.023750
4 0.722609 0.403750 0.114783 0.017500
4 0.426957 0.406250 0.106087 0.018750
2 0.203913 0.430937 0.296522 0.025625
3 0.845217 0.430312 0.147826 0.020625
5 0.123478 0.452500 0.161739 0.023750
4 0.430435 0.454375 0.113043 0.018750
5 0.145652 0.481250 0.213043 0.018750
5 0.124783 0.502188 0.171304 0.016875
5 0.126957 0.528750 0.175652 0.017500
0 0.716087 0.561562 0.176522 0.016875
5 0.166957 0.577812 0.173913 0.015625
5 0.716957 0.585000 0.152174 0.020000
5 0.708261 0.655312 0.235652 0.023125
5 0.287391 0.707187 0.498261 0.021875
5 0.854783 0.743437 0.184348 0.015625
6 0.043478 0.031250 0.086957 0.062500
6 0.956522 0.031250 0.086957 0.062500
6 0.043478 0.968750 0.086957 0.062500
6 0.956522 0.968750 0.086957 0.062500
