5 0.111688 0.043310 0.075325 0.021831
5 0.103247 0.084155 0.138961 0.017606
5 0.594156 0.087676 0.222078 0.019014
5 0.853896 0.089437 0.084416 0.014085
5 0.498052 0.109859 0.323377 0.023944
5 0.827922 0.131690 0.042857 0.011268
5 0.907143 0.131690 0.029870 0.011268
5 0.585714 0.164789 0.044156 0.014085
5 0.695455 0.164789 0.066234 0.014085
5 0.490909 0.166197 0.025974 0.011268
5 0.309091 0.183803 0.176623 0.012676
5 0.065584 0.184859 0.058442 0.010563
5 0.680519 0.185563 0.187013 0.011972
5 0.466234 0.197183 0.864935 0.016901
5 0.070130 0.212676 0.070130 0.015493
1 0.390909 0.225352 0.714286 0.014085
2 0.255844 0.307394 0.392208 0.019014
3 0.844805 0.305634 0.146753 0.015493
5 0.129221 0.324296 0.162338 0.017606
4 0.861039 0.323944 0.098701 0.014085
4 0.433117 0.325704 0.112987 0.016197
5 0.149351 0.345070 0.212987 0.015493
5 0.125974 0.361620 0.174026 0.014789
5 0.130519 0.380282 0.175325 0.014085
0 0.716883 0.404930 0.179221 0.014085
5 0.170779 0.417606 0.175325 0.014085
5 0.720130 0.424648 0.149351 0.012676
5 0.711039 0.476408 0.224675 0.019014
5 0.292208 0.515493 0.498701 0.015493
5 0.855195 0.542958 0.190909 0.014085
6 0.064935 0.035211 0.129870 0.070423
6 0.935065 0.035211 0.129870 0.070423
6 0.064935 0.964789 0.129870 0.070423
6 0.935065 0.964789 0.129870 0.070423
