5 0.111688 0.043310 0.075325 0.021831
5 0.229870 0.059859 0.062338 0.014085
5 0.579870 0.087676 0.193506 0.019014
5 0.853896 0.089437 0.084416 0.014085
5 0.498052 0.109859 0.323377 0.023944
5 0.827922 0.131690 0.042857 0.011268
5 0.907143 0.131690 0.029870 0.011268
5 0.585714 0.164789 0.044156 0.014085
5 0.372078 0.165493 0.094805 0.012676
5 0.696753 0.165493 0.063636 0.012676
5 0.490909 0.166197 0.025974 0.011268
5 0.309091 0.183803 0.176623 0.012676
5 0.066883 0.184859 0.061039 0.010563
5 0.680519 0.185563 0.187013 0.011972
5 0.100000 0.199296 0.127273 0.014085
1 0.480519 0.211972 0.893506 0.015493
1 0.137662 0.227817 0.202597 0.011972
2 0.267532 0.292606 0.415584 0.020423
3 0.844805 0.291901 0.146753 0.016197
5 0.127273 0.310915 0.166234 0.019014
2 0.251299 0.330986 0.388312 0.018310
3 0.844805 0.329577 0.146753 0.015493
5 0.123377 0.348239 0.150649 0.016197
2 0.196753 0.366197 0.279221 0.019718
3 0.837662 0.365493 0.132468 0.015493
5 0.129221 0.385211 0.162338 0.014085
5 0.149351 0.404930 0.212987 0.014085
5 0.127922 0.421479 0.170130 0.011972
5 0.129221 0.440845 0.177922 0.014085
0 0.716883 0.464789 0.179221 0.014085
5 0.170130 0.478169 0.176623 0.016901
5 0.718182 0.483099 0.153247 0.014085
5 0.711688 0.535563 0.225974 0.021831
5 0.290909 0.575352 0.496104 0.016901
5 0.855195 0.602817 0.190909 0.012676
6 0.064935 0.035211 0.129870 0.070423
6 0.935065 0.035211 0.129870 0.070423
6 0.064935 0.964789 0.129870 0.070423
6 0.935065 0.964789 0.129870 0.070423
