5 0.114474 0.064486 0.160526 0.016822
5 0.107237 0.093925 0.146053 0.021495
5 0.603289 0.100000 0.227632 0.029907
5 0.864474 0.101869 0.081579 0.016822
5 0.505263 0.128037 0.326316 0.028037
5 0.838816 0.157477 0.046053 0.015888
5 0.916447 0.157477 0.030263 0.015888
5 0.409211 0.201869 0.028947 0.016822
5 0.495395 0.201869 0.027632 0.016822
5 0.594737 0.201869 0.042105 0.016822
5 0.705263 0.201869 0.065789 0.016822
5 0.336184 0.201869 0.017105 0.014953
5 0.687500 0.227103 0.190789 0.022430
5 0.311184 0.226168 0.180263 0.018692
5 0.066447 0.226636 0.059211 0.014019
5 0.490132 0.247196 0.906579 0.017757
5 0.498684 0.265421 0.928947 0.018692
5 0.477632 0.283645 0.881579 0.021495
5 0.205921 0.300935 0.338158 0.018692
1 0.503289 0.319159 0.932895 0.019626
1 0.340132 0.337383 0.606579 0.018692
2 0.259868 0.427103 0.398684 0.026168
3 0.856579 0.425234 0.147368 0.020561
5 0.175000 0.450467 0.260526 0.024299
4 0.871711 0.448598 0.098684 0.016822
4 0.437500 0.451402 0.114474 0.018692
5 0.151316 0.476636 0.215789 0.016822
5 0.128947 0.498598 0.171053 0.017757
5 0.228289 0.523832 0.369737 0.023364
0 0.726316 0.557009 0.178947 0.018692
5 0.173026 0.573832 0.175000 0.016822
5 0.726974 0.581308 0.153947 0.016822
5 0.718421 0.651869 0.273684 0.028972
5 0.295395 0.703271 0.503947 0.019626
5 0.864474 0.738785 0.186842 0.015888
6 0.065789 0.046729 0.131579 0.093458
6 0.934211 0.046729 0.131579 0.093458
6 0.065789 0.953271 0.131579 0.093458
6 0.934211 0.953271 0.131579 0.093458
