5 0.114474 0.064486 0.160526 0.016822
5 0.098684 0.093925 0.128947 0.021495
5 0.604605 0.100000 0.230263 0.029907
5 0.864474 0.102336 0.081579 0.015888
5 0.505263 0.128037 0.326316 0.028037
5 0.838816 0.157477 0.046053 0.015888
5 0.916447 0.157477 0.030263 0.015888
5 0.495395 0.201869 0.027632 0.016822
5 0.594737 0.201869 0.042105 0.016822
5 0.704605 0.201869 0.064474 0.016822
5 0.409211 0.202336 0.028947 0.015888
5 0.687500 0.227103 0.190789 0.022430
5 0.311184 0.226168 0.180263 0.018692
5 0.066447 0.226168 0.059211 0.014953
5 0.500658 0.246729 0.927632 0.018692
5 0.407237 0.265421 0.746053 0.018692
1 0.493421 0.282243 0.913158 0.018692
1 0.302632 0.300935 0.536842 0.018692
2 0.348026 0.388318 0.575000 0.025234
3 0.857237 0.389720 0.148684 0.020561
5 0.127632 0.412150 0.165789 0.022430
4 0.736184 0.412150 0.122368 0.018692
4 0.437500 0.414486 0.114474 0.017757
5 0.151316 0.441121 0.215789 0.016822
5 0.128947 0.461682 0.171053 0.018692
5 0.131579 0.487383 0.176316 0.019626
0 0.726974 0.520561 0.180263 0.016822
5 0.173026 0.537850 0.175000 0.017757
5 0.726974 0.545794 0.153947 0.016822
5 0.719737 0.616355 0.265789 0.023364
5 0.295395 0.666355 0.503947 0.022430
5 0.865789 0.702336 0.189474 0.015888
6 0.065789 0.046729 0.131579 0.093458
6 0.934211 0.046729 0.131579 0.093458
6 0.065789 0.953271 0.131579 0.093458
6 0.934211 0.953271 0.131579 0.093458
