5 0.175325 0.060563 0.270130 0.012676
5 0.587013 0.087676 0.207792 0.019014
5 0.853896 0.089437 0.084416 0.014085
5 0.496104 0.108803 0.319481 0.021831
5 0.827922 0.131690 0.042857 0.011268
5 0.907143 0.131690 0.029870 0.011268
5 0.585714 0.164789 0.044156 0.014085
5 0.695455 0.164789 0.066234 0.014085
5 0.261688 0.165493 0.035065 0.012676
5 0.405195 0.166197 0.028571 0.011268
5 0.309091 0.183803 0.176623 0.012676
5 0.065584 0.184859 0.058442 0.010563
5 0.680519 0.185563 0.187013 0.011972
5 0.100000 0.199296 0.127273 0.014085
1 0.242857 0.210915 0.418182 0.020423
2 0.356494 0.291901 0.593506 0.021831
3 0.842208 0.291901 0.141558 0.016197
5 0.129221 0.311620 0.162338 0.017606
4 0.724026 0.310563 0.118182 0.012676
4 0.429870 0.313732 0.106494 0.011972
5 0.149351 0.331690 0.212987 0.014085
5 0.125974 0.348944 0.174026 0.014789
5 0.130519 0.367606 0.175325 0.014085
0 0.716883 0.391901 0.179221 0.016197
5 0.170779 0.404930 0.175325 0.014085
5 0.718182 0.410563 0.153247 0.015493
5 0.709740 0.461972 0.180519 0.015493
5 0.292208 0.502113 0.498701 0.014085
5 0.855195 0.529577 0.190909 0.012676
6 0.064935 0.035211 0.129870 0.070423
6 0.935065 0.035211 0.129870 0.070423
6 0.064935 0.964789 0.129870 0.070423
6 0.935065 0.964789 0.129870 0.070423
