5 0.103913 0.076563 0.134783 0.021875
5 0.498696 0.106875 0.306957 0.026250
5 0.764783 0.145313 0.308696 0.021875
1 0.486522 0.229687 0.908696 0.031875
1 0.451739 0.256875 0.839130 0.023750
5 0.121739 0.280625 0.179130 0.026250
2 0.261739 0.311250 0.459130 0.027500
4 0.449565 0.353750 0.408696 0.027500
3 0.103913 0.352187 0.134783 0.016875
2 0.403043 0.390313 0.745217 0.028125
4 0.443043 0.434375 0.395652 0.025000
3 0.100870 0.432500 0.128696 0.018750
5 0.086522 0.473125 0.100000 0.018750
0 0.727826 0.503125 0.330435 0.025000
5 0.731304 0.531875 0.280000 0.023750
5 0.730870 0.559375 0.225217 0.027500
5 0.728696 0.648125 0.271304 0.018750
5 0.247391 0.678125 0.386957 0.022500
5 0.464783 0.708438 0.821739 0.026875
6 0.043478 0.031250 0.086957 0.062500
6 0.956522 0.031250 0.086957 0.062500
6 0.043478 0.968750 0.086957 0.062500
6 0.956522 0.968750 0.086957 0.062500
