5 0.112500 0.040187 0.072368 0.028037
5 0.100658 0.094393 0.132895 0.022430
5 0.604605 0.100000 0.230263 0.029907
5 0.864474 0.102336 0.081579 0.015888
5 0.505263 0.128037 0.326316 0.028037
5 0.838816 0.157477 0.046053 0.015888
5 0.916447 0.157477 0.030263 0.015888
5 0.409211 0.201869 0.028947 0.016822
5 0.495395 0.201869 0.027632 0.016822
5 0.594737 0.201869 0.042105 0.016822
5 0.703289 0.201869 0.067105 0.016822
5 0.336842 0.202804 0.015789 0.013084
5 0.687500 0.227103 0.190789 0.022430
5 0.311184 0.226168 0.180263 0.018692
5 0.066447 0.226168 0.059211 0.014953
5 0.500658 0.247196 0.927632 0.019626
5 0.498684 0.265888 0.923684 0.017757
5 0.361842 0.284112 0.655263 0.018692
1 0.501974 0.302336 0.930263 0.021495
1 0.335526 0.319626 0.602632 0.022430
2 0.226974 0.409813 0.332895 0.027103
3 0.857237 0.408879 0.148684 0.021495
5 0.128289 0.431776 0.167105 0.024299
4 0.871711 0.431776 0.098684 0.016822
5 0.151316 0.460748 0.215789 0.018692
5 0.128947 0.481308 0.171053 0.016822
5 0.229605 0.506542 0.372368 0.020561
0 0.726974 0.539252 0.180263 0.016822
5 0.173026 0.556542 0.175000 0.017757
5 0.726974 0.564486 0.153947 0.016822
5 0.719737 0.633178 0.205263 0.027103
5 0.294079 0.686449 0.501316 0.021495
5 0.865789 0.722897 0.189474 0.015888
6 0.065789 0.046729 0.131579 0.093458
6 0.934211 0.046729 0.131579 0.093458
6 0.065789 0.953271 0.131579 0.093458
6 0.934211 0.953271 0.131579 0.093458
