5 0.103913 0.076563 0.134783 0.021875
5 0.498696 0.106875 0.306957 0.026250
5 0.764783 0.145313 0.308696 0.021875
1 0.366957 0.231250 0.669565 0.025000
5 0.121304 0.261875 0.178261 0.026250
2 0.238696 0.292500 0.413043 0.027500
4 0.449565 0.334375 0.408696 0.025000
3 0.103043 0.333437 0.133043 0.016875
2 0.336522 0.372500 0.613913 0.026250
4 0.361304 0.414062 0.233913 0.026875
3 0.103913 0.413125 0.134783 0.017500
2 0.246522 0.452188 0.428696 0.026875
4 0.449565 0.495000 0.408696 0.025000
3 0.103043 0.493750 0.133043 0.018750
5 0.086522 0.534375 0.100000 0.018750
0 0.727826 0.563125 0.330435 0.023750
5 0.730870 0.593125 0.280870 0.025000
5 0.730870 0.620313 0.225217 0.026875
5 0.729130 0.709688 0.294783 0.034375
5 0.247391 0.739062 0.386957 0.021875
5 0.464783 0.770000 0.821739 0.025000
6 0.043478 0.031250 0.086957 0.062500
6 0.956522 0.031250 0.086957 0.062500
6 0.043478 0.968750 0.086957 0.062500
6 0.956522 0.968750 0.086957 0.062500
