5 0.111688 0.043310 0.075325 0.021831
5 0.110390 0.084155 0.153247 0.017606
5 0.587013 0.086972 0.207792 0.020423
5 0.853896 0.089437 0.084416 0.014085
5 0.498052 0.109859 0.323377 0.023944
5 0.827922 0.131690 0.042857 0.011268
5 0.907143 0.131690 0.029870 0.011268
5 0.585714 0.164789 0.044156 0.014085
5 0.695455 0.164789 0.066234 0.014085
5 0.490909 0.166197 0.025974 0.011268
5 0.309091 0.183803 0.176623 0.012676
5 0.065584 0.184859 0.058442 0.010563
5 0.680519 0.185563 0.187013 0.011972
5 0.100000 0.199296 0.127273 0.014085
1 0.477273 0.211972 0.887013 0.015493
2 0.254545 0.292606 0.389610 0.020423
3 0.842208 0.291901 0.141558 0.016197
5 0.123377 0.311972 0.150649 0.012676
4 0.860390 0.311268 0.092208 0.011268
4 0.429870 0.313732 0.106494 0.011972
2 0.234416 0.329930 0.354545 0.020423
3 0.837662 0.329577 0.132468 0.015493
5 0.173377 0.348592 0.255844 0.014085
4 0.431818 0.348592 0.115584 0.014085
2 0.206494 0.366549 0.301299 0.023239
3 0.844805 0.365493 0.146753 0.015493
4 0.859740 0.383099 0.101299 0.014085
5 0.127922 0.384155 0.164935 0.016197
4 0.431818 0.385563 0.115584 0.016197
2 0.198052 0.403873 0.276623 0.020423
3 0.837662 0.402817 0.132468 0.015493
5 0.123377 0.421831 0.150649 0.015493
4 0.862338 0.421479 0.096104 0.011972
5 0.150649 0.442958 0.210390 0.014085
5 0.129221 0.459155 0.167532 0.012676
5 0.130519 0.476761 0.175325 0.014085
0 0.716883 0.502113 0.179221 0.014085
5 0.170779 0.514789 0.175325 0.014085
5 0.720130 0.521479 0.149351 0.011972
5 0.711039 0.573944 0.224675 0.016901
5 0.290260 0.611972 0.494805 0.015493
5 0.855195 0.639437 0.190909 0.014085
6 0.064935 0.035211 0.129870 0.070423
6 0.935065 0.035211 0.129870 0.070423
6 0.064935 0.964789 0.129870 0.070423
6 0.935065 0.964789 0.129870 0.070423
