5 0.103913 0.076563 0.134783 0.021875
5 0.498696 0.106875 0.306957 0.026250
5 0.899565 0.141875 0.042609 0.021250
5 0.723478 0.145313 0.226087 0.021875
1 0.481304 0.232187 0.898261 0.028125
1 0.475652 0.256875 0.886957 0.027500
1 0.063913 0.279375 0.066957 0.018750
5 0.121304 0.305625 0.178261 0.026250
2 0.281304 0.335938 0.498261 0.028125
4 0.356957 0.378125 0.225217 0.026250
3 0.103913 0.377188 0.134783 0.016875
2 0.226957 0.415625 0.393043 0.025000
4 0.430000 0.457500 0.369565 0.025000
3 0.103913 0.456875 0.134783 0.017500
2 0.403913 0.495312 0.743478 0.028125
4 0.443043 0.538750 0.395652 0.025000
3 0.100435 0.536875 0.127826 0.018750
5 0.224783 0.576875 0.376522 0.025000
0 0.727826 0.607500 0.330435 0.025000
5 0.730000 0.636875 0.282609 0.025000
5 0.730870 0.664062 0.225217 0.026875
5 0.730000 0.754687 0.213043 0.021875
5 0.248696 0.782813 0.389565 0.021875
5 0.464783 0.813125 0.821739 0.028750
6 0.043478 0.031250 0.086957 0.062500
6 0.956522 0.031250 0.086957 0.062500
6 0.043478 0.968750 0.086957 0.062500
6 0.956522 0.968750 0.086957 0.062500
