5 0.103913 0.076563 0.134783 0.021875
5 0.498696 0.106875 0.306957 0.026250
5 0.899565 0.141250 0.039130 0.017500
5 0.723478 0.145313 0.226087 0.021875
1 0.476957 0.230937 0.889565 0.028125
1 0.058261 0.256875 0.052174 0.020000
5 0.122174 0.280625 0.176522 0.026250
2 0.270435 0.311563 0.476522 0.026875
4 0.448696 0.353750 0.406957 0.027500
3 0.103913 0.353125 0.134783 0.018750
5 0.087391 0.393750 0.103478 0.023750
0 0.727826 0.421875 0.330435 0.026250
5 0.731304 0.452188 0.280000 0.023125
5 0.731304 0.480312 0.224348 0.023125
5 0.730000 0.569375 0.308696 0.026250
5 0.247391 0.598437 0.386957 0.021875
5 0.464783 0.628750 0.821739 0.026250
6 0.043478 0.031250 0.086957 0.062500
6 0.956522 0.031250 0.086957 0.062500
6 0.043478 0.968750 0.086957 0.062500
6 0.956522 0.968750 0.086957 0.062500
