5 0.110435 0.072188 0.156522 0.016875
5 0.097826 0.101875 0.131304 0.021250
5 0.594348 0.107500 0.225217 0.026250
5 0.853043 0.110937 0.080000 0.015625
5 0.497391 0.136563 0.321739 0.029375
5 0.826957 0.164687 0.045217 0.014375
5 0.903913 0.165313 0.030435 0.015625
5 0.695217 0.209687 0.066957 0.019375
5 0.401739 0.210938 0.026087 0.015625
5 0.486957 0.210938 0.026087 0.015625
5 0.583478 0.210938 0.036522 0.015625
5 0.331304 0.210625 0.015652 0.012500
5 0.706087 0.235000 0.240000 0.021250
5 0.305217 0.234375 0.180870 0.018750
5 0.061739 0.235937 0.059130 0.015625
5 0.126957 0.235000 0.024348 0.013750
5 0.484783 0.235625 0.100000 0.012500
5 0.292174 0.256250 0.520000 0.018750
1 0.446522 0.272500 0.828696 0.020000
1 0.229130 0.292187 0.393913 0.020625
2 0.193043 0.382500 0.274783 0.025000
3 0.844348 0.379375 0.146087 0.018750
5 0.123478 0.403750 0.161739 0.023750
4 0.726087 0.403750 0.121739 0.017500
4 0.430435 0.406250 0.113043 0.018750
2 0.198261 0.430937 0.285217 0.025625
3 0.844348 0.429375 0.146087 0.018750
5 0.123478 0.452500 0.161739 0.023750
4 0.859565 0.452188 0.098261 0.016875
5 0.145652 0.481250 0.213043 0.018750
5 0.258696 0.502188 0.439130 0.016875
5 0.126957 0.528750 0.175652 0.017500
0 0.716087 0.561562 0.176522 0.016875
5 0.166957 0.577812 0.173913 0.015625
5 0.716957 0.585000 0.152174 0.020000
5 0.709565 0.656250 0.259130 0.025000
5 0.287391 0.707187 0.498261 0.021875
5 0.854783 0.743437 0.184348 0.015625
6 0.043478 0.031250 0.086957 0.062500
6 0.956522 0.031250 0.086957 0.062500
6 0.043478 0.968750 0.086957 0.062500
6 0.956522 0.968750 0.086957 0.062500
