5 0.112500 0.040187 0.072368 0.028037
5 0.113816 0.094393 0.159211 0.022430
5 0.604605 0.099533 0.230263 0.027103
5 0.864474 0.101869 0.081579 0.016822
5 0.505263 0.128037 0.326316 0.028037
5 0.838816 0.157477 0.046053 0.015888
5 0.916447 0.157477 0.030263 0.015888
5 0.409211 0.201869 0.028947 0.016822
5 0.495395 0.201869 0.027632 0.016822
5 0.594737 0.201869 0.042105 0.016822
5 0.704605 0.201869 0.064474 0.016822
5 0.336184 0.201869 0.017105 0.014953
5 0.687500 0.227103 0.190789 0.022430
5 0.312500 0.226168 0.182895 0.018692
5 0.066447 0.226168 0.059211 0.014953
5 0.490789 0.226168 0.102632 0.014953
5 0.495395 0.245327 0.917105 0.023364
5 0.435526 0.265421 0.802632 0.018692
1 0.498684 0.282243 0.923684 0.018692
1 0.245395 0.300935 0.422368 0.018692
2 0.194079 0.390187 0.267105 0.028972
3 0.857237 0.389720 0.148684 0.020561
5 0.127632 0.412150 0.165789 0.022430
4 0.736842 0.413084 0.121053 0.016822
4 0.437500 0.414486 0.114474 0.017757
2 0.305263 0.440187 0.492105 0.024299
3 0.857237 0.437850 0.148684 0.019626
5 0.128289 0.461215 0.167105 0.025234
4 0.735526 0.461215 0.121053 0.017757
4 0.437500 0.463551 0.114474 0.018692
5 0.151316 0.489252 0.215789 0.017757
5 0.128947 0.510280 0.171053 0.018692
5 0.131579 0.537383 0.176316 0.018692
0 0.726974 0.570093 0.180263 0.018692
5 0.173026 0.585981 0.175000 0.016822
5 0.726974 0.593925 0.153947 0.017757
5 0.719737 0.664019 0.213158 0.023364
5 0.294079 0.715421 0.501316 0.023364
5 0.867105 0.750935 0.186842 0.015888
6 0.065789 0.046729 0.131579 0.093458
6 0.934211 0.046729 0.131579 0.093458
6 0.065789 0.953271 0.131579 0.093458
6 0.934211 0.953271 0.131579 0.093458
