5 0.112500 0.040187 0.072368 0.028037
5 0.100658 0.094393 0.132895 0.022430
5 0.590132 0.100000 0.201316 0.029907
5 0.864474 0.102336 0.081579 0.015888
5 0.505263 0.128037 0.326316 0.028037
5 0.838816 0.157477 0.046053 0.015888
5 0.916447 0.157477 0.030263 0.015888
5 0.263816 0.201869 0.035526 0.016822
5 0.495395 0.201869 0.027632 0.016822
5 0.594737 0.201869 0.042105 0.016822
5 0.704605 0.201869 0.064474 0.016822
5 0.336184 0.201869 0.017105 0.014953
5 0.409211 0.202336 0.028947 0.015888
5 0.687500 0.227103 0.190789 0.022430
5 0.312500 0.226168 0.182895 0.018692
5 0.066447 0.226168 0.059211 0.014953
5 0.100658 0.246729 0.127632 0.018692
1 0.201974 0.263551 0.330263 0.018692
2 0.248026 0.373364 0.375000 0.025234
3 0.857237 0.371963 0.148684 0.020561
5 0.128289 0.395794 0.167105 0.023364
4 0.736184 0.395794 0.119737 0.017757
4 0.437500 0.398131 0.114474 0.018692
2 0.307895 0.422430 0.497368 0.026168
3 0.857237 0.420561 0.148684 0.020561
5 0.128289 0.444393 0.167105 0.023364
4 0.736842 0.443925 0.121053 0.016822
4 0.437500 0.446729 0.114474 0.018692
2 0.234868 0.471028 0.351316 0.026168
3 0.857237 0.469159 0.148684 0.020561
5 0.128289 0.492991 0.167105 0.023364
4 0.437500 0.494860 0.114474 0.019626
2 0.250000 0.520093 0.378947 0.025234
3 0.857237 0.517757 0.148684 0.020561
5 0.127632 0.541121 0.165789 0.024299
4 0.709868 0.541121 0.069737 0.016822
4 0.411184 0.543458 0.067105 0.021495
5 0.151316 0.570093 0.215789 0.018692
5 0.128947 0.591121 0.171053 0.017757
5 0.131579 0.616822 0.176316 0.018692
0 0.727632 0.649533 0.181579 0.018692
5 0.173026 0.665888 0.175000 0.017757
5 0.726974 0.674766 0.153947 0.018692
5 0.719737 0.744860 0.192105 0.024299
5 0.294079 0.795794 0.501316 0.021495
5 0.864474 0.832243 0.186842 0.015888
6 0.065789 0.046729 0.131579 0.093458
6 0.934211 0.046729 0.131579 0.093458
6 0.065789 0.953271 0.131579 0.093458
6 0.934211 0.953271 0.131579 0.093458
