5 0.167763 0.063551 0.261842 0.018692
5 0.582237 0.099533 0.185526 0.027103
5 0.863816 0.102336 0.082895 0.015888
5 0.505263 0.128037 0.326316 0.028037
5 0.837500 0.157477 0.048684 0.015888
5 0.916447 0.157477 0.030263 0.015888
5 0.263816 0.201402 0.035526 0.015888
5 0.409211 0.201869 0.028947 0.016822
5 0.495395 0.201402 0.027632 0.015888
5 0.594737 0.201869 0.042105 0.016822
5 0.703289 0.201869 0.067105 0.016822
5 0.336184 0.201869 0.017105 0.014953
5 0.687500 0.227103 0.190789 0.022430
5 0.311184 0.226168 0.180263 0.018692
5 0.066447 0.226168 0.059211 0.014953
5 0.100658 0.246729 0.127632 0.018692
1 0.390789 0.264019 0.707895 0.023364
2 0.264474 0.373364 0.407895 0.023364
3 0.853947 0.371963 0.142105 0.020561
5 0.128289 0.395794 0.167105 0.023364
2 0.209211 0.422430 0.302632 0.026168
3 0.857237 0.420561 0.148684 0.020561
5 0.128289 0.444393 0.167105 0.023364
2 0.248026 0.470561 0.377632 0.027103
3 0.857237 0.469159 0.148684 0.020561
5 0.128289 0.492991 0.167105 0.023364
5 0.151316 0.521495 0.215789 0.018692
5 0.128947 0.542523 0.171053 0.017757
5 0.131579 0.567290 0.176316 0.016822
0 0.726974 0.600467 0.180263 0.017757
5 0.173026 0.617757 0.175000 0.016822
5 0.726974 0.624299 0.153947 0.018692
5 0.719079 0.695794 0.217105 0.023364
5 0.295395 0.747196 0.503947 0.021495
5 0.864474 0.782243 0.186842 0.014953
6 0.065789 0.046729 0.131579 0.093458
6 0.934211 0.046729 0.131579 0.093458
6 0.065789 0.953271 0.131579 0.093458
6 0.934211 0.953271 0.131579 0.093458
