5 0.111688 0.043310 0.075325 0.021831
5 0.110390 0.084155 0.153247 0.017606
5 0.594156 0.087676 0.222078 0.019014
5 0.853896 0.089437 0.084416 0.014085
5 0.498052 0.109859 0.323377 0.023944
5 0.827922 0.131690 0.042857 0.011268
5 0.905844 0.131690 0.032468 0.011268
5 0.585714 0.164789 0.044156 0.014085
5 0.405195 0.165493 0.028571 0.012676
5 0.696753 0.165493 0.063636 0.012676
5 0.490909 0.166197 0.025974 0.011268
5 0.309091 0.183803 0.176623 0.012676
5 0.066883 0.184859 0.061039 0.010563
5 0.680519 0.185563 0.187013 0.011972
5 0.485065 0.197887 0.902597 0.015493
5 0.064286 0.211268 0.055844 0.011268
1 0.442857 0.225000 0.818182 0.017606
2 0.194156 0.306690 0.268831 0.020423
3 0.844805 0.305634 0.146753 0.015493
5 0.123377 0.323944 0.150649 0.016901
4 0.431169 0.324648 0.116883 0.018310
2 0.214286 0.342606 0.314286 0.020423
3 0.844805 0.341901 0.146753 0.016197
5 0.173377 0.361268 0.255844 0.014085
4 0.431818 0.361268 0.115584 0.014085
2 0.244805 0.379930 0.375325 0.020423
3 0.844805 0.379577 0.146753 0.015493
5 0.123377 0.398239 0.150649 0.016197
4 0.431818 0.398592 0.115584 0.014085
4 0.862338 0.397887 0.096104 0.012676
5 0.149351 0.417606 0.212987 0.014085
5 0.127922 0.434507 0.170130 0.014085
5 0.130519 0.453521 0.175325 0.014085
0 0.716883 0.478873 0.179221 0.014085
5 0.170779 0.490845 0.175325 0.014085
5 0.720130 0.497887 0.149351 0.012676
5 0.709740 0.550352 0.222078 0.017606
5 0.290260 0.588732 0.494805 0.015493
5 0.855195 0.616197 0.190909 0.014085
6 0.064935 0.035211 0.129870 0.070423
6 0.935065 0.035211 0.129870 0.070423
6 0.064935 0.964789 0.129870 0.070423
6 0.935065 0.964789 0.129870 0.070423
