5 0.110435 0.072188 0.156522 0.016875
5 0.097391 0.101250 0.130435 0.018750
5 0.594348 0.107500 0.225217 0.026250
5 0.853043 0.110937 0.080000 0.015625
5 0.497391 0.136563 0.321739 0.029375
5 0.903913 0.165313 0.030435 0.015625
5 0.827826 0.165625 0.043478 0.012500
5 0.694348 0.210000 0.063478 0.017500
5 0.403043 0.210938 0.028696 0.015625
5 0.487826 0.210938 0.027826 0.015625
5 0.584783 0.210938 0.039130 0.015625
5 0.331304 0.211562 0.015652 0.014375
5 0.305217 0.234375 0.180870 0.018750
5 0.706087 0.235313 0.240000 0.020625
5 0.085652 0.234687 0.106957 0.018125
5 0.483478 0.235000 0.102609 0.013750
5 0.249565 0.256250 0.434783 0.018750
1 0.413913 0.273750 0.763478 0.020000
2 0.271304 0.381875 0.431304 0.026250
3 0.844348 0.379375 0.146087 0.018750
5 0.123478 0.403750 0.161739 0.020000
4 0.726957 0.403750 0.120000 0.017500
4 0.430435 0.406250 0.113043 0.018750
2 0.225652 0.430937 0.340000 0.025625
3 0.845217 0.430312 0.147826 0.020625
5 0.123478 0.452500 0.161739 0.023750
4 0.726957 0.452188 0.120000 0.016875
4 0.430000 0.454375 0.113913 0.021250
2 0.203913 0.479375 0.296522 0.025000
3 0.845217 0.478750 0.147826 0.020000
5 0.178696 0.502812 0.272174 0.023125
4 0.726957 0.500625 0.120000 0.017500
4 0.430435 0.503750 0.113043 0.017500
5 0.145217 0.530000 0.213913 0.020000
5 0.124348 0.551250 0.172174 0.020000
5 0.126957 0.577187 0.175652 0.016875
0 0.716087 0.610000 0.176522 0.017500
5 0.166957 0.627188 0.173913 0.016875
5 0.716957 0.635000 0.152174 0.017500
5 0.709565 0.704688 0.236522 0.021875
5 0.287391 0.756563 0.498261 0.020625
5 0.854783 0.792188 0.184348 0.015625
6 0.043478 0.031250 0.086957 0.062500
6 0.956522 0.031250 0.086957 0.062500
6 0.043478 0.968750 0.086957 0.062500
6 0.956522 0.968750 0.086957 0.062500
