5 0.111688 0.043310 0.075325 0.021831
5 0.261688 0.059859 0.125974 0.014085
5 0.588961 0.086972 0.211688 0.020423
5 0.853896 0.090141 0.084416 0.012676
5 0.498052 0.109859 0.323377 0.023944
5 0.827922 0.131690 0.042857 0.011268
5 0.907143 0.131690 0.029870 0.011268
5 0.585714 0.164789 0.044156 0.014085
5 0.695455 0.164789 0.066234 0.014085
5 0.490909 0.165141 0.025974 0.009155
5 0.309091 0.183803 0.176623 0.012676
5 0.065584 0.184859 0.058442 0.010563
5 0.680519 0.185563 0.187013 0.011972
5 0.100000 0.199296 0.127273 0.014085
1 0.351948 0.211268 0.636364 0.016901
2 0.237013 0.291901 0.354545 0.019014
3 0.842208 0.291901 0.141558 0.016197
4 0.859091 0.310563 0.094805 0.015493
5 0.123377 0.311620 0.150649 0.017606
4 0.429870 0.313732 0.106494 0.011972
2 0.353896 0.329577 0.593506 0.022535
3 0.844805 0.329577 0.146753 0.015493
5 0.127922 0.348239 0.159740 0.016197
4 0.407143 0.348592 0.066234 0.014085
4 0.838961 0.347887 0.049351 0.012676
5 0.150649 0.369718 0.210390 0.012676
5 0.127922 0.384507 0.170130 0.014085
5 0.130519 0.403521 0.175325 0.014085
0 0.718182 0.428873 0.181818 0.014085
5 0.170779 0.440845 0.175325 0.014085
5 0.720130 0.447887 0.149351 0.012676
5 0.707792 0.499648 0.184416 0.016197
5 0.290260 0.538732 0.494805 0.015493
5 0.853247 0.566197 0.187013 0.014085
6 0.064935 0.035211 0.129870 0.070423
6 0.935065 0.035211 0.129870 0.070423
6 0.064935 0.964789 0.129870 0.070423
6 0.935065 0.964789 0.129870 0.070423
