5 0.110435 0.072188 0.156522 0.016875
5 0.139565 0.102813 0.216522 0.023125
5 0.594348 0.107500 0.225217 0.026250
5 0.853043 0.110937 0.080000 0.015625
5 0.497391 0.136563 0.321739 0.029375
5 0.826957 0.165313 0.045217 0.015625
5 0.903913 0.166250 0.030435 0.013750
5 0.694348 0.210000 0.063478 0.017500
5 0.403043 0.210938 0.028696 0.015625
5 0.487826 0.210938 0.027826 0.015625
5 0.584783 0.210938 0.039130 0.015625
5 0.330000 0.211562 0.013043 0.014375
5 0.305217 0.234375 0.180870 0.018750
5 0.706087 0.235313 0.240000 0.020625
5 0.126957 0.234063 0.024348 0.015625
5 0.061739 0.235937 0.059130 0.015625
5 0.483478 0.235625 0.097391 0.012500
5 0.487826 0.255312 0.911304 0.020625
5 0.471304 0.274687 0.878261 0.021875
5 0.479130 0.292812 0.893913 0.016875
5 0.475652 0.310625 0.886957 0.018750
5 0.483478 0.327188 0.902609 0.020625
5 0.081304 0.345313 0.103478 0.021875
1 0.479130 0.363125 0.893913 0.020000
1 0.409565 0.382500 0.754783 0.018750
2 0.193913 0.472500 0.276522 0.026250
3 0.845217 0.470938 0.147826 0.023125
5 0.123478 0.494375 0.161739 0.023750
4 0.430435 0.496875 0.113043 0.018750
2 0.353913 0.520312 0.596522 0.028125
3 0.842174 0.520938 0.141739 0.020625
5 0.118261 0.542813 0.151304 0.023125
4 0.722609 0.542813 0.114783 0.016875
4 0.426957 0.545937 0.106087 0.016875
5 0.145652 0.571875 0.213043 0.018750
5 0.233478 0.593750 0.388696 0.018750
5 0.126957 0.619375 0.175652 0.017500
0 0.716087 0.652188 0.176522 0.016875
5 0.166957 0.669375 0.173913 0.017500
5 0.716957 0.675625 0.152174 0.020000
5 0.708261 0.746250 0.223478 0.027500
5 0.287391 0.797813 0.498261 0.021875
5 0.854783 0.834063 0.184348 0.015625
6 0.043478 0.031250 0.086957 0.062500
6 0.956522 0.031250 0.086957 0.062500
6 0.043478 0.968750 0.086957 0.062500
6 0.956522 0.968750 0.086957 0.062500
