5 0.110390 0.043310 0.077922 0.021831
5 0.106494 0.083803 0.145455 0.016901
5 0.596104 0.087676 0.225974 0.019014
5 0.853896 0.089437 0.084416 0.014085
5 0.498052 0.109859 0.323377 0.023944
5 0.864286 0.131690 0.115584 0.011268
5 0.585714 0.165493 0.044156 0.012676
5 0.696753 0.165493 0.063636 0.012676
5 0.489610 0.166197 0.028571 0.011268
5 0.310390 0.183803 0.179221 0.012676
5 0.065584 0.184859 0.058442 0.010563
5 0.680519 0.185563 0.187013 0.011972
5 0.483117 0.198592 0.898701 0.014085
5 0.483117 0.212676 0.893506 0.014085
5 0.491558 0.227817 0.910390 0.011972
5 0.366234 0.240141 0.659740 0.012676
1 0.486364 0.253521 0.900000 0.014085
1 0.245455 0.267606 0.418182 0.014085
1 0.153247 0.332394 0.238961 0.015493
2 0.207143 0.350352 0.294805 0.020423
3 0.844805 0.349648 0.146753 0.016197
4 0.431169 0.370070 0.116883 0.017606
5 0.122078 0.369014 0.153247 0.014085
4 0.726623 0.368310 0.123377 0.012676
2 0.231818 0.387676 0.349351 0.020423
3 0.844805 0.387324 0.146753 0.015493
5 0.123377 0.405986 0.150649 0.016197
4 0.431818 0.406690 0.115584 0.013380
4 0.136364 0.423944 0.205195 0.014085
2 0.240260 0.441197 0.366234 0.020423
3 0.844805 0.440141 0.146753 0.015493
4 0.726623 0.458451 0.123377 0.014085
5 0.173377 0.459859 0.255844 0.014085
4 0.431818 0.459859 0.115584 0.014085
2 0.196753 0.478521 0.274026 0.020423
3 0.844805 0.477817 0.146753 0.016197
5 0.182468 0.496831 0.274026 0.019014
4 0.431169 0.496479 0.116883 0.018310
5 0.149351 0.516901 0.212987 0.015493
5 0.129221 0.534155 0.167532 0.013380
5 0.225974 0.551056 0.366234 0.016197
0 0.716883 0.576761 0.179221 0.014085
5 0.170779 0.589437 0.175325 0.014085
5 0.720130 0.596479 0.149351 0.012676
5 0.709740 0.649648 0.227273 0.016197
5 0.292208 0.687324 0.498701 0.015493
5 0.855195 0.713732 0.190909 0.011972
6 0.064935 0.035211 0.129870 0.070423
6 0.935065 0.035211 0.129870 0.070423
6 0.064935 0.964789 0.129870 0.070423
6 0.935065 0.964789 0.129870 0.070423
