5 0.110435 0.072500 0.156522 0.017500
5 0.108261 0.103125 0.153913 0.023750
5 0.594348 0.107500 0.225217 0.026250
5 0.853043 0.110000 0.080000 0.017500
5 0.497391 0.136563 0.321739 0.029375
5 0.826957 0.165313 0.045217 0.015625
5 0.903913 0.165313 0.030435 0.015625
5 0.584783 0.210000 0.039130 0.017500
5 0.694348 0.210000 0.063478 0.017500
5 0.330435 0.210938 0.017391 0.015625
5 0.403043 0.210938 0.028696 0.015625
5 0.487826 0.210938 0.027826 0.015625
5 0.305217 0.234375 0.180870 0.018750
5 0.706087 0.235313 0.240000 0.020625
5 0.085217 0.235313 0.106087 0.015625
5 0.484783 0.235625 0.100000 0.012500
5 0.445217 0.255312 0.826087 0.020625
1 0.461739 0.273750 0.859130 0.020000
3 0.844348 0.380312 0.146087 0.020625
2 0.188696 0.382500 0.266087 0.025000
5 0.123478 0.403750 0.161739 0.020000
4 0.859565 0.403750 0.098261 0.017500
4 0.430435 0.406250 0.113043 0.018750
2 0.225652 0.430937 0.340000 0.025625
3 0.845217 0.430312 0.147826 0.020625
5 0.123478 0.452500 0.161739 0.023750
4 0.859565 0.452188 0.098261 0.016875
4 0.430000 0.454375 0.113913 0.021250
5 0.145652 0.481250 0.213043 0.018750
5 0.124783 0.502188 0.171304 0.016875
5 0.126957 0.528750 0.175652 0.017500
0 0.716087 0.561562 0.176522 0.016875
5 0.166957 0.577812 0.173913 0.015625
5 0.716957 0.585000 0.152174 0.020000
5 0.708261 0.655312 0.230435 0.016875
5 0.287391 0.707187 0.498261 0.021875
5 0.854783 0.743437 0.184348 0.015625
6 0.043478 0.031250 0.086957 0.062500
6 0.956522 0.031250 0.086957 0.062500
6 0.043478 0.968750 0.086957 0.062500
6 0.956522 0.968750 0.086957 0.062500
