5 0.112500 0.040187 0.072368 0.028037
5 0.161184 0.094393 0.253947 0.022430
5 0.604605 0.099533 0.230263 0.027103
5 0.864474 0.101869 0.081579 0.016822
5 0.505263 0.128037 0.326316 0.031776
5 0.838816 0.157477 0.046053 0.015888
5 0.916447 0.157477 0.030263 0.015888
5 0.409211 0.201869 0.028947 0.016822
5 0.495395 0.201869 0.027632 0.016822
5 0.594737 0.201869 0.042105 0.016822
5 0.704605 0.201869 0.064474 0.016822
5 0.715789 0.227103 0.244737 0.022430
5 0.311184 0.226168 0.180263 0.018692
5 0.066447 0.226168 0.059211 0.014953
5 0.490789 0.226168 0.102632 0.014953
5 0.130921 0.226636 0.022368 0.014019
5 0.188816 0.247196 0.303947 0.017757
1 0.488816 0.263551 0.903947 0.024299
1 0.178289 0.283178 0.288158 0.020561
2 0.214474 0.373364 0.307895 0.023364
3 0.857237 0.371963 0.148684 0.020561
5 0.128289 0.395794 0.167105 0.023364
4 0.736184 0.395794 0.119737 0.017757
4 0.437500 0.398131 0.114474 0.018692
2 0.209211 0.422430 0.302632 0.026168
3 0.857237 0.420561 0.148684 0.020561
5 0.128289 0.444393 0.167105 0.023364
4 0.711842 0.443925 0.071053 0.016822
4 0.413158 0.446729 0.065789 0.018692
2 0.203947 0.471495 0.292105 0.025234
3 0.857237 0.469159 0.148684 0.020561
5 0.128289 0.492991 0.167105 0.023364
4 0.735526 0.492523 0.121053 0.016822
4 0.437500 0.494860 0.114474 0.019626
2 0.392763 0.518692 0.664474 0.028037
3 0.857237 0.517757 0.151316 0.022430
5 0.127632 0.541121 0.165789 0.024299
4 0.437500 0.542991 0.114474 0.018692
4 0.735526 0.541589 0.121053 0.015888
5 0.151316 0.570093 0.215789 0.018692
5 0.128947 0.591121 0.171053 0.017757
5 0.131579 0.616822 0.176316 0.018692
0 0.727632 0.649065 0.181579 0.019626
5 0.173026 0.665888 0.175000 0.017757
5 0.726974 0.674766 0.153947 0.018692
5 0.719737 0.745327 0.236842 0.028972
5 0.294079 0.795794 0.501316 0.021495
5 0.867105 0.832243 0.186842 0.015888
6 0.065789 0.046729 0.131579 0.093458
6 0.934211 0.046729 0.131579 0.093458
6 0.065789 0.953271 0.131579 0.093458
6 0.934211 0.953271 0.131579 0.093458
