5 0.103913 0.076563 0.134783 0.021875
5 0.498696 0.106875 0.306957 0.026250
5 0.723478 0.145313 0.226087 0.021875
5 0.899565 0.142187 0.039130 0.015625
5 0.061739 0.224062 0.059130 0.016875
1 0.485652 0.248438 0.906957 0.030625
1 0.421304 0.275313 0.778261 0.026875
5 0.122609 0.297500 0.177391 0.026250
2 0.261739 0.328750 0.459130 0.026250
4 0.448696 0.370937 0.406957 0.023125
3 0.103043 0.370000 0.133043 0.018750
2 0.269130 0.408438 0.479130 0.026875
4 0.448696 0.450625 0.406957 0.023750
3 0.103043 0.450000 0.133043 0.018750
2 0.301739 0.488750 0.539130 0.025000
4 0.448696 0.530312 0.406957 0.023125
3 0.103043 0.530312 0.133043 0.016875
2 0.402609 0.568125 0.746087 0.028750
4 0.443043 0.612500 0.395652 0.025000
3 0.100870 0.610625 0.128696 0.018750
5 0.086522 0.651250 0.100000 0.018750
0 0.727826 0.680312 0.330435 0.023125
5 0.731304 0.710000 0.280000 0.023750
5 0.730870 0.738125 0.223478 0.023750
5 0.730000 0.827187 0.308696 0.026875
5 0.247391 0.855938 0.386957 0.021875
5 0.464783 0.886563 0.821739 0.029375
5 0.211304 0.916250 0.328696 0.026250
6 0.043478 0.031250 0.086957 0.062500
6 0.956522 0.031250 0.086957 0.062500
6 0.043478 0.968750 0.086957 0.062500
6 0.956522 0.968750 0.086957 0.062500
