5 0.103913 0.076563 0.134783 0.021875
5 0.498696 0.106875 0.306957 0.026250
5 0.764783 0.145313 0.308696 0.021875
1 0.406087 0.231875 0.747826 0.026250
5 0.121304 0.261875 0.178261 0.026250
2 0.301739 0.292500 0.539130 0.027500
4 0.433478 0.333437 0.376522 0.023125
3 0.103913 0.333437 0.134783 0.016875
2 0.310435 0.372500 0.561739 0.026250
4 0.433478 0.414062 0.376522 0.025625
3 0.103043 0.413125 0.133043 0.017500
5 0.087826 0.454688 0.102609 0.021875
0 0.727826 0.483438 0.330435 0.023125
5 0.731304 0.513125 0.280000 0.023750
5 0.731304 0.541250 0.224348 0.023750
5 0.729130 0.628750 0.272174 0.017500
5 0.247391 0.659062 0.386957 0.021875
5 0.464783 0.689688 0.821739 0.026875
6 0.043478 0.031250 0.086957 0.062500
6 0.956522 0.031250 0.086957 0.062500
6 0.043478 0.968750 0.086957 0.062500
6 0.956522 0.968750 0.086957 0.062500
