5 0.110435 0.072188 0.156522 0.016875
5 0.097826 0.101875 0.131304 0.021250
5 0.594348 0.107500 0.225217 0.026250
5 0.853043 0.110937 0.080000 0.015625
5 0.497391 0.136563 0.321739 0.029375
5 0.827826 0.166250 0.043478 0.013750
5 0.903913 0.166250 0.030435 0.013750
5 0.585652 0.209063 0.037391 0.015625
5 0.694348 0.210000 0.063478 0.017500
5 0.403043 0.210938 0.028696 0.015625
5 0.487826 0.210938 0.027826 0.015625
5 0.331304 0.210625 0.015652 0.012500
5 0.305217 0.234375 0.180870 0.018750
5 0.706087 0.235313 0.240000 0.020625
5 0.487826 0.234063 0.111304 0.015625
5 0.061739 0.235937 0.059130 0.015625
5 0.126957 0.235000 0.024348 0.013750
5 0.466957 0.255000 0.869565 0.020000
5 0.492174 0.274062 0.920000 0.020625
5 0.447391 0.291875 0.830435 0.018750
5 0.413913 0.310000 0.763478 0.021250
1 0.484348 0.327188 0.904348 0.020625
1 0.474783 0.345000 0.885217 0.018750
1 0.093043 0.363125 0.125217 0.013750
2 0.287826 0.436563 0.462609 0.023125
3 0.842174 0.435000 0.141739 0.020000
5 0.123478 0.458125 0.161739 0.021250
4 0.426957 0.460000 0.106087 0.017500
2 0.213478 0.485000 0.315652 0.026250
3 0.844348 0.482500 0.146087 0.018750
5 0.123478 0.506875 0.161739 0.023750
4 0.868261 0.506875 0.115652 0.017500
5 0.145652 0.535000 0.213043 0.017500
5 0.263913 0.556875 0.449565 0.017500
5 0.126957 0.581875 0.175652 0.017500
0 0.716087 0.615625 0.176522 0.018750
5 0.166957 0.631875 0.173913 0.017500
5 0.716957 0.639375 0.153913 0.021250
5 0.709565 0.710625 0.259130 0.025000
5 0.287391 0.761875 0.498261 0.021250
5 0.854783 0.798438 0.184348 0.015625
6 0.043478 0.031250 0.086957 0.062500
6 0.956522 0.031250 0.086957 0.062500
6 0.043478 0.968750 0.086957 0.062500
6 0.956522 0.968750 0.086957 0.062500
