5 0.110435 0.072188 0.156522 0.016875
5 0.097391 0.101875 0.130435 0.021250
5 0.594348 0.107500 0.225217 0.026250
5 0.853043 0.110000 0.080000 0.017500
5 0.497391 0.136563 0.321739 0.029375
5 0.826957 0.164687 0.045217 0.014375
5 0.903913 0.166250 0.030435 0.013750
5 0.585652 0.210000 0.040870 0.017500
5 0.694348 0.210000 0.063478 0.017500
5 0.257391 0.210938 0.036522 0.015625
5 0.330435 0.210938 0.017391 0.015625
5 0.403043 0.210938 0.028696 0.015625
5 0.487826 0.210938 0.027826 0.015625
5 0.706087 0.235000 0.240000 0.021250
5 0.306522 0.235000 0.178261 0.017500
5 0.061739 0.235937 0.059130 0.015625
5 0.126957 0.235000 0.024348 0.013750
5 0.483478 0.235000 0.102609 0.013750
5 0.096087 0.255625 0.129565 0.020000
1 0.377826 0.272813 0.691304 0.021875
2 0.193043 0.382500 0.274783 0.025000
3 0.845217 0.381250 0.147826 0.018750
5 0.123478 0.403750 0.161739 0.023750
4 0.726957 0.403750 0.120000 0.017500
4 0.430435 0.406250 0.113043 0.018750
2 0.202609 0.431250 0.293913 0.025000
3 0.844348 0.429375 0.146087 0.018750
5 0.123478 0.452500 0.161739 0.023750
4 0.726957 0.452188 0.120000 0.016875
4 0.430435 0.454375 0.113043 0.018750
2 0.235217 0.479375 0.359130 0.025000
3 0.845217 0.478750 0.147826 0.020000
5 0.123478 0.501875 0.161739 0.021250
4 0.430435 0.503750 0.113043 0.017500
2 0.217826 0.528750 0.324348 0.026250
3 0.845217 0.527188 0.147826 0.020625
5 0.123478 0.550625 0.161739 0.023750
4 0.430435 0.553125 0.113043 0.018750
3 0.844348 0.575313 0.146087 0.020625
2 0.198261 0.577812 0.285217 0.025625
5 0.118261 0.599063 0.151304 0.023125
4 0.859565 0.599063 0.098261 0.016875
5 0.145652 0.628125 0.213043 0.018750
5 0.258696 0.648125 0.439130 0.018750
5 0.126957 0.675000 0.175652 0.018750
0 0.716087 0.707500 0.176522 0.018750
5 0.166957 0.724063 0.173913 0.016875
5 0.716957 0.731875 0.152174 0.020000
5 0.708261 0.801250 0.247826 0.018750
5 0.287391 0.854062 0.498261 0.021875
5 0.854783 0.890312 0.184348 0.015625
6 0.043478 0.031250 0.086957 0.062500
6 0.956522 0.031250 0.086957 0.062500
6 0.043478 0.968750 0.086957 0.062500
6 0.956522 0.968750 0.086957 0.062500
