5 0.110435 0.072188 0.156522 0.016875
5 0.138696 0.102813 0.214783 0.023125
5 0.594348 0.107500 0.225217 0.026250
5 0.853043 0.110937 0.080000 0.015625
5 0.497391 0.136563 0.321739 0.029375
5 0.826957 0.164687 0.045217 0.014375
5 0.903913 0.165313 0.030435 0.015625
5 0.694348 0.210000 0.063478 0.017500
5 0.329130 0.210938 0.014783 0.015625
5 0.403043 0.210938 0.028696 0.015625
5 0.487826 0.210938 0.027826 0.015625
5 0.584783 0.210938 0.039130 0.015625
5 0.305217 0.234375 0.180870 0.018750
5 0.678696 0.235625 0.185217 0.020000
5 0.061739 0.235937 0.059130 0.015625
5 0.483478 0.235625 0.097391 0.012500
5 0.463913 0.255312 0.863478 0.020625
5 0.479130 0.274062 0.893913 0.016875
5 0.475652 0.291875 0.886957 0.018750
5 0.474783 0.308750 0.885217 0.023750
5 0.428696 0.326562 0.793043 0.021875
1 0.496522 0.344687 0.928696 0.021875
1 0.301739 0.363125 0.542609 0.017500
2 0.243043 0.453125 0.374783 0.025000
3 0.845217 0.452188 0.147826 0.020625
5 0.179130 0.477187 0.273043 0.024375
4 0.430435 0.478125 0.113043 0.018750
2 0.193043 0.502812 0.274783 0.025625
3 0.851739 0.501250 0.160870 0.018750
5 0.119130 0.524375 0.153043 0.023750
4 0.726957 0.524062 0.120000 0.016875
4 0.430435 0.526250 0.113043 0.018750
2 0.202609 0.551250 0.293913 0.025000
3 0.851739 0.550625 0.160870 0.020000
5 0.118261 0.573438 0.151304 0.021875
4 0.726957 0.572500 0.120000 0.017500
4 0.430435 0.575625 0.113043 0.017500
2 0.198261 0.599688 0.285217 0.025625
3 0.844348 0.598125 0.146087 0.018750
5 0.123478 0.621875 0.161739 0.022500
4 0.859565 0.621563 0.098261 0.015625
5 0.145652 0.650625 0.213043 0.017500
5 0.237826 0.671875 0.397391 0.018750
5 0.126957 0.697500 0.175652 0.017500
0 0.716087 0.731250 0.176522 0.018750
5 0.166957 0.747500 0.173913 0.017500
5 0.716957 0.753750 0.152174 0.020000
5 0.708261 0.825625 0.178261 0.017500
5 0.287391 0.876563 0.498261 0.023125
5 0.853913 0.912813 0.182609 0.014375
6 0.043478 0.031250 0.086957 0.062500
6 0.956522 0.031250 0.086957 0.062500
6 0.043478 0.968750 0.086957 0.062500
6 0.956522 0.968750 0.086957 0.062500
