5 0.110435 0.072188 0.156522 0.016875
5 0.097826 0.101875 0.131304 0.021250
5 0.594348 0.107500 0.225217 0.026250
5 0.853043 0.110937 0.080000 0.015625
5 0.497391 0.136563 0.321739 0.029375
5 0.826957 0.164687 0.045217 0.014375
5 0.903913 0.165313 0.030435 0.015625
5 0.695217 0.209687 0.066957 0.019375
5 0.401739 0.210938 0.026087 0.015625
5 0.486957 0.210938 0.026087 0.015625
5 0.583478 0.210938 0.036522 0.015625
5 0.331304 0.210625 0.015652 0.012500
5 0.706087 0.235000 0.240000 0.021250
5 0.305217 0.234375 0.180870 0.018750
5 0.061739 0.235937 0.059130 0.015625
5 0.126957 0.235000 0.024348 0.013750
5 0.484783 0.235000 0.100000 0.013750
5 0.277826 0.255312 0.491304 0.020625
1 0.473478 0.272500 0.882609 0.020000
1 0.349565 0.292500 0.634783 0.020000
2 0.193043 0.382500 0.274783 0.025000
3 0.845217 0.380312 0.147826 0.020625
5 0.123478 0.403750 0.161739 0.020000
4 0.726957 0.403750 0.120000 0.017500
4 0.430435 0.406250 0.113043 0.018750
2 0.243043 0.431250 0.374783 0.025000
3 0.845217 0.430312 0.147826 0.020625
5 0.123478 0.452500 0.161739 0.023750
4 0.726957 0.452188 0.120000 0.016875
4 0.430000 0.454688 0.113913 0.020625
2 0.198261 0.479375 0.285217 0.025000
3 0.845217 0.478750 0.147826 0.020000
5 0.123913 0.501875 0.162609 0.025000
4 0.860870 0.500625 0.095652 0.017500
5 0.145652 0.530312 0.213043 0.016875
5 0.260870 0.551250 0.443478 0.018750
5 0.126957 0.577187 0.175652 0.016875
0 0.716087 0.610000 0.176522 0.017500
5 0.166957 0.627188 0.173913 0.016875
5 0.716957 0.635000 0.152174 0.017500
5 0.709565 0.704688 0.259130 0.021875
5 0.287391 0.756563 0.498261 0.020625
5 0.854783 0.792813 0.184348 0.014375
6 0.043478 0.031250 0.086957 0.062500
6 0.956522 0.031250 0.086957 0.062500
6 0.043478 0.968750 0.086957 0.062500
6 0.956522 0.968750 0.086957 0.062500
