5 0.103913 0.076563 0.134783 0.021875
5 0.498696 0.106875 0.306957 0.026250
5 0.764783 0.143750 0.308696 0.026250
1 0.466087 0.231875 0.867826 0.027500
1 0.476957 0.255937 0.889565 0.021875
1 0.119130 0.280313 0.173913 0.020625
5 0.121304 0.305625 0.178261 0.026250
2 0.238696 0.335938 0.413043 0.028125
4 0.448261 0.377188 0.406087 0.023125
3 0.103913 0.377188 0.134783 0.016875
2 0.268261 0.415312 0.475652 0.021875
4 0.449565 0.458437 0.408696 0.026875
3 0.103913 0.456875 0.134783 0.017500
2 0.403913 0.495312 0.743478 0.028125
4 0.443043 0.538750 0.395652 0.025000
3 0.100435 0.536875 0.127826 0.018750
5 0.086522 0.578125 0.100000 0.018750
0 0.727826 0.607500 0.330435 0.025000
5 0.730000 0.636875 0.282609 0.025000
5 0.730870 0.664062 0.225217 0.026875
5 0.729130 0.753437 0.277391 0.031875
5 0.248696 0.782813 0.389565 0.021875
5 0.464783 0.813125 0.821739 0.028750
6 0.043478 0.031250 0.086957 0.062500
6 0.956522 0.031250 0.086957 0.062500
6 0.043478 0.968750 0.086957 0.062500
6 0.956522 0.968750 0.086957 0.062500
