5 0.110435 0.072500 0.156522 0.017500
5 0.097826 0.101875 0.131304 0.021250
5 0.594348 0.107500 0.225217 0.026250
5 0.853043 0.110937 0.080000 0.015625
5 0.497391 0.136563 0.321739 0.029375
5 0.826957 0.165313 0.045217 0.015625
5 0.903913 0.165313 0.030435 0.015625
5 0.694348 0.210000 0.063478 0.017500
5 0.329130 0.210938 0.014783 0.015625
5 0.403043 0.210938 0.028696 0.015625
5 0.487826 0.210938 0.027826 0.015625
5 0.584783 0.210938 0.039130 0.015625
5 0.305217 0.234375 0.180870 0.018750
5 0.706087 0.235313 0.240000 0.020625
5 0.061739 0.235937 0.059130 0.015625
5 0.126957 0.235000 0.024348 0.013750
5 0.484783 0.235000 0.100000 0.013750
5 0.466957 0.255312 0.869565 0.020625
5 0.492174 0.274062 0.920000 0.020625
5 0.447391 0.291875 0.830435 0.018750
5 0.413913 0.309375 0.763478 0.018750
1 0.480000 0.328125 0.895652 0.018750
1 0.057391 0.345313 0.050435 0.015625
2 0.193913 0.435625 0.276522 0.025000
3 0.845217 0.435000 0.147826 0.020000
5 0.123478 0.457500 0.161739 0.022500
4 0.726087 0.457813 0.121739 0.015625
4 0.430435 0.460000 0.113043 0.017500
2 0.353913 0.483750 0.596522 0.030000
3 0.842174 0.483438 0.141739 0.020625
5 0.123478 0.506875 0.161739 0.023750
4 0.722609 0.506875 0.114783 0.017500
4 0.426957 0.509375 0.106087 0.018750
5 0.145652 0.535000 0.213043 0.017500
5 0.263913 0.556875 0.449565 0.017500
5 0.126957 0.581875 0.175652 0.017500
0 0.716087 0.615625 0.176522 0.018750
5 0.166957 0.631875 0.173913 0.017500
5 0.717391 0.639687 0.153043 0.020625
5 0.709565 0.710625 0.259130 0.025000
5 0.287391 0.761875 0.498261 0.021250
5 0.854783 0.798438 0.184348 0.015625
6 0.043478 0.031250 0.086957 0.062500
6 0.956522 0.031250 0.086957 0.062500
6 0.043478 0.968750 0.086957 0.062500
6 0.956522 0.968750 0.086957 0.062500
