5 0.111688 0.043310 0.075325 0.021831
5 0.261688 0.059859 0.125974 0.014085
5 0.587013 0.087676 0.207792 0.019014
5 0.853896 0.089437 0.084416 0.014085
5 0.498052 0.109859 0.323377 0.023944
5 0.827922 0.131690 0.042857 0.011268
5 0.907143 0.131690 0.029870 0.011268
5 0.585714 0.164789 0.044156 0.014085
5 0.695455 0.164789 0.066234 0.014085
5 0.372078 0.166197 0.094805 0.011268
5 0.309091 0.183803 0.176623 0.012676
5 0.066883 0.184859 0.061039 0.010563
5 0.680519 0.185563 0.187013 0.011972
5 0.100000 0.199296 0.127273 0.014085
1 0.370779 0.211268 0.674026 0.016901
2 0.205195 0.292958 0.290909 0.019718
3 0.844805 0.291901 0.146753 0.016197
5 0.123377 0.311620 0.150649 0.017606
4 0.431169 0.312324 0.116883 0.017606
2 0.195455 0.329930 0.276623 0.020423
3 0.844805 0.329577 0.146753 0.015493
5 0.123377 0.348239 0.150649 0.016197
4 0.862338 0.347887 0.096104 0.012676
2 0.355195 0.365493 0.596104 0.022535
3 0.842208 0.365493 0.141558 0.015493
5 0.123377 0.384859 0.150649 0.014789
4 0.859091 0.384859 0.089610 0.010563
4 0.429870 0.387324 0.106494 0.012676
5 0.149351 0.404930 0.212987 0.014085
5 0.127922 0.421479 0.170130 0.011972
5 0.130519 0.440845 0.175325 0.014085
0 0.716883 0.464789 0.179221 0.014085
5 0.170130 0.478169 0.176623 0.016901
5 0.718182 0.483099 0.153247 0.014085
5 0.707792 0.536620 0.184416 0.014085
5 0.290909 0.575352 0.496104 0.016901
5 0.855195 0.602817 0.190909 0.012676
6 0.064935 0.035211 0.129870 0.070423
6 0.935065 0.035211 0.129870 0.070423
6 0.064935 0.964789 0.129870 0.070423
6 0.935065 0.964789 0.129870 0.070423
