5 0.103913 0.076563 0.134783 0.021875
5 0.498696 0.106875 0.306957 0.026250
5 0.723478 0.145313 0.226087 0.021875
5 0.899565 0.142187 0.039130 0.015625
5 0.061739 0.224062 0.059130 0.016875
1 0.486522 0.249062 0.908696 0.026875
1 0.046522 0.270937 0.028696 0.020625
5 0.122174 0.297500 0.176522 0.026250
2 0.429130 0.329375 0.793913 0.025000
4 0.359565 0.371875 0.228696 0.025000
3 0.100870 0.370000 0.128696 0.018750
2 0.226957 0.409375 0.393043 0.025000
4 0.449565 0.451250 0.408696 0.025000
3 0.103913 0.450000 0.134783 0.018750
5 0.306087 0.489375 0.539130 0.025000
0 0.727826 0.520625 0.330435 0.026250
5 0.730000 0.549375 0.282609 0.025000
5 0.731304 0.577812 0.224348 0.021875
5 0.730000 0.664687 0.230435 0.023125
5 0.248696 0.695312 0.389565 0.021875
5 0.464783 0.726250 0.821739 0.025000
5 0.171739 0.756875 0.247826 0.023750
6 0.043478 0.031250 0.086957 0.062500
6 0.956522 0.031250 0.086957 0.062500
6 0.043478 0.968750 0.086957 0.062500
6 0.956522 0.968750 0.086957 0.062500
