5 0.110435 0.072188 0.156522 0.016875
5 0.138696 0.102813 0.214783 0.023125
5 0.580000 0.107500 0.196522 0.026250
5 0.853043 0.110937 0.080000 0.015625
5 0.496522 0.136563 0.320000 0.029375
5 0.826957 0.164687 0.045217 0.014375
5 0.903913 0.165313 0.030435 0.015625
5 0.584783 0.210000 0.039130 0.017500
5 0.693478 0.210000 0.065217 0.017500
5 0.329130 0.210938 0.014783 0.015625
5 0.403043 0.210938 0.028696 0.015625
5 0.487826 0.210938 0.027826 0.015625
5 0.374783 0.234375 0.320000 0.018750
5 0.678696 0.235625 0.185217 0.020000
5 0.061739 0.235937 0.059130 0.015625
5 0.296087 0.255625 0.527826 0.018750
1 0.476957 0.273125 0.889565 0.018750
1 0.071304 0.292187 0.078261 0.015625
2 0.215652 0.382188 0.320000 0.025625
3 0.845217 0.380625 0.147826 0.022500
5 0.178696 0.405313 0.272174 0.024375
4 0.430435 0.406250 0.113043 0.018750
2 0.286522 0.430312 0.461739 0.026875
3 0.842174 0.430312 0.141739 0.020625
5 0.123478 0.452500 0.161739 0.023750
4 0.426957 0.455313 0.106087 0.016875
2 0.350870 0.480000 0.588696 0.023750
3 0.842174 0.478750 0.141739 0.020000
5 0.123478 0.501875 0.161739 0.021250
4 0.722609 0.500625 0.114783 0.017500
4 0.426957 0.503750 0.106087 0.017500
5 0.145652 0.530312 0.213043 0.016875
5 0.232609 0.551250 0.386957 0.018750
5 0.126957 0.577187 0.175652 0.016875
0 0.716957 0.610000 0.178261 0.017500
5 0.166957 0.627188 0.173913 0.016875
5 0.716957 0.635000 0.152174 0.017500
5 0.708261 0.705313 0.178261 0.016875
5 0.287391 0.756563 0.498261 0.020625
5 0.854783 0.792813 0.184348 0.014375
6 0.043478 0.031250 0.086957 0.062500
6 0.956522 0.031250 0.086957 0.062500
6 0.043478 0.968750 0.086957 0.062500
6 0.956522 0.968750 0.086957 0.062500
