5 0.110435 0.072188 0.156522 0.016875
5 0.097826 0.101875 0.131304 0.021250
5 0.594348 0.107500 0.225217 0.026250
5 0.853043 0.110000 0.080000 0.017500
5 0.497391 0.136563 0.321739 0.029375
5 0.903913 0.165313 0.030435 0.015625
5 0.827826 0.165625 0.043478 0.012500
5 0.694348 0.210000 0.063478 0.017500
5 0.403043 0.210938 0.028696 0.015625
5 0.487826 0.210938 0.027826 0.015625
5 0.584783 0.210938 0.039130 0.015625
5 0.331304 0.210625 0.015652 0.012500
5 0.706087 0.235000 0.240000 0.021250
5 0.305217 0.235000 0.180870 0.017500
5 0.061739 0.235937 0.059130 0.015625
5 0.128261 0.235625 0.021739 0.012500
5 0.483478 0.235625 0.102609 0.012500
5 0.096087 0.255625 0.129565 0.020000
1 0.206087 0.273125 0.347826 0.018750
2 0.193043 0.382500 0.274783 0.025000
3 0.845217 0.380312 0.147826 0.020625
5 0.123478 0.403750 0.161739 0.023750
4 0.726087 0.403750 0.121739 0.017500
4 0.430435 0.406250 0.113043 0.018750
5 0.145652 0.431875 0.213043 0.017500
5 0.253043 0.453750 0.427826 0.017500
5 0.126522 0.480312 0.176522 0.020625
0 0.716087 0.513125 0.176522 0.017500
5 0.166957 0.528750 0.173913 0.017500
5 0.717391 0.536563 0.153043 0.020625
5 0.708261 0.606875 0.235652 0.023750
5 0.287391 0.658750 0.498261 0.021250
5 0.854783 0.695312 0.184348 0.015625
6 0.043478 0.031250 0.086957 0.062500
6 0.956522 0.031250 0.086957 0.062500
6 0.043478 0.968750 0.086957 0.062500
6 0.956522 0.968750 0.086957 0.062500
