5 0.110435 0.072500 0.156522 0.017500
5 0.138696 0.102813 0.214783 0.023125
5 0.594348 0.107500 0.225217 0.026250
5 0.853043 0.110937 0.080000 0.015625
5 0.497391 0.136563 0.321739 0.029375
5 0.826957 0.164687 0.045217 0.014375
5 0.903913 0.165313 0.030435 0.015625
5 0.694348 0.210000 0.063478 0.017500
5 0.330435 0.210938 0.017391 0.015625
5 0.403043 0.210938 0.028696 0.015625
5 0.487826 0.210938 0.027826 0.015625
5 0.584783 0.210938 0.039130 0.015625
5 0.678696 0.235625 0.185217 0.020000
5 0.305217 0.235000 0.180870 0.017500
5 0.061739 0.235937 0.059130 0.015625
5 0.483478 0.235625 0.097391 0.012500
5 0.096087 0.255625 0.129565 0.020000
1 0.392174 0.273438 0.720000 0.019375
2 0.243913 0.382500 0.376522 0.025000
3 0.845217 0.380312 0.147826 0.020625
5 0.178696 0.405313 0.272174 0.024375
4 0.430435 0.406250 0.113043 0.018750
2 0.298261 0.430312 0.485217 0.028125
3 0.845217 0.430312 0.147826 0.020625
5 0.123478 0.452500 0.161739 0.023750
4 0.726522 0.451875 0.119130 0.017500
4 0.430000 0.454688 0.113913 0.020625
5 0.145652 0.481250 0.213043 0.018750
5 0.243478 0.502188 0.408696 0.016875
5 0.126957 0.528750 0.175652 0.017500
0 0.716087 0.561562 0.176522 0.016875
5 0.166957 0.577812 0.173913 0.015625
5 0.716957 0.585000 0.152174 0.020000
5 0.708261 0.656875 0.178261 0.017500
5 0.287391 0.707187 0.498261 0.021875
5 0.854783 0.743437 0.184348 0.015625
6 0.043478 0.031250 0.086957 0.062500
6 0.956522 0.031250 0.086957 0.062500
6 0.043478 0.968750 0.086957 0.062500
6 0.956522 0.968750 0.086957 0.062500
