5 0.111688 0.043310 0.075325 0.021831
5 0.579870 0.087676 0.193506 0.019014
5 0.851948 0.089437 0.080519 0.014085
5 0.498052 0.109859 0.323377 0.023944
5 0.827922 0.131690 0.042857 0.011268
5 0.907143 0.131690 0.029870 0.011268
5 0.585714 0.164789 0.044156 0.014085
5 0.696753 0.165493 0.063636 0.012676
5 0.309091 0.183803 0.176623 0.012676
5 0.066883 0.184859 0.061039 0.010563
5 0.680519 0.185563 0.187013 0.011972
5 0.100000 0.199296 0.127273 0.014085
1 0.468831 0.211972 0.870130 0.015493
2 0.267532 0.292606 0.415584 0.020423
3 0.842208 0.291549 0.141558 0.015493
5 0.127273 0.310915 0.166234 0.019014
2 0.205844 0.329930 0.297403 0.020423
3 0.844805 0.329577 0.146753 0.015493
5 0.127922 0.348239 0.159740 0.016197
2 0.205844 0.365845 0.297403 0.020423
3 0.842208 0.365493 0.141558 0.015493
5 0.127922 0.384155 0.164935 0.016197
2 0.356494 0.402465 0.593506 0.023239
3 0.842208 0.402817 0.141558 0.015493
5 0.127922 0.421831 0.159740 0.015493
5 0.150649 0.442958 0.210390 0.014085
5 0.129221 0.459155 0.167532 0.012676
5 0.130519 0.476761 0.175325 0.014085
0 0.716883 0.502113 0.179221 0.014085
5 0.170779 0.514789 0.175325 0.014085
5 0.718182 0.520423 0.153247 0.014085
5 0.709740 0.573944 0.198701 0.016901
5 0.290260 0.611972 0.494805 0.015493
5 0.855195 0.639437 0.190909 0.014085
6 0.064935 0.035211 0.129870 0.070423
6 0.935065 0.035211 0.129870 0.070423
6 0.064935 0.964789 0.129870 0.070423
6 0.935065 0.964789 0.129870 0.070423
