5 0.103913 0.076563 0.134783 0.021875
5 0.498696 0.106875 0.306957 0.026250
5 0.723478 0.145313 0.226087 0.021875
5 0.899565 0.142813 0.039130 0.016875
1 0.480000 0.230313 0.895652 0.029375
1 0.482174 0.256250 0.900000 0.025000
1 0.245217 0.280938 0.426087 0.021875
5 0.121304 0.305625 0.178261 0.026250
2 0.261739 0.335938 0.459130 0.028125
4 0.448261 0.377188 0.406087 0.023125
3 0.103043 0.377188 0.133043 0.016875
2 0.268261 0.415312 0.475652 0.021875
4 0.448696 0.457813 0.406957 0.025625
3 0.103913 0.456875 0.134783 0.017500
2 0.301739 0.495937 0.539130 0.026875
4 0.449565 0.538750 0.408696 0.025000
3 0.105217 0.538125 0.137391 0.020000
2 0.403913 0.574688 0.743478 0.028125
4 0.516957 0.618750 0.543478 0.025000
3 0.100870 0.617812 0.128696 0.016875
5 0.086522 0.658438 0.100000 0.020625
0 0.727826 0.688125 0.330435 0.023750
5 0.731304 0.717187 0.280000 0.021875
5 0.731304 0.745938 0.224348 0.023125
5 0.730000 0.835000 0.308696 0.026250
5 0.247391 0.863125 0.386957 0.020000
5 0.464783 0.894062 0.821739 0.026875
6 0.043478 0.031250 0.086957 0.062500
6 0.956522 0.031250 0.086957 0.062500
6 0.043478 0.968750 0.086957 0.062500
6 0.956522 0.968750 0.086957 0.062500
