5 0.111688 0.043310 0.075325 0.021831
5 0.096753 0.083803 0.128571 0.018310
5 0.594156 0.087676 0.222078 0.019014
5 0.853896 0.089437 0.084416 0.014085
5 0.498052 0.109859 0.323377 0.023944
5 0.827922 0.131690 0.042857 0.011268
5 0.907143 0.131690 0.029870 0.011268
5 0.694156 0.164789 0.063636 0.014085
5 0.331818 0.165493 0.175325 0.012676
5 0.587662 0.165493 0.040260 0.012676
5 0.490909 0.166197 0.025974 0.011268
5 0.310390 0.183803 0.179221 0.012676
5 0.065584 0.184859 0.058442 0.010563
5 0.680519 0.185563 0.187013 0.011972
5 0.100000 0.199296 0.127273 0.014085
1 0.180519 0.211972 0.293506 0.015493
2 0.255844 0.292606 0.392208 0.020423
3 0.844805 0.291901 0.146753 0.016197
5 0.127922 0.311620 0.159740 0.017606
4 0.431169 0.311620 0.116883 0.016197
4 0.726623 0.310563 0.123377 0.012676
2 0.244805 0.329930 0.375325 0.020423
3 0.844805 0.329577 0.146753 0.015493
4 0.726623 0.347183 0.123377 0.014085
4 0.431818 0.348592 0.115584 0.014085
5 0.123377 0.349296 0.150649 0.014085
5 0.149351 0.369014 0.212987 0.014085
5 0.127922 0.384507 0.170130 0.014085
5 0.130519 0.403521 0.175325 0.014085
0 0.716883 0.428873 0.179221 0.014085
5 0.170779 0.440845 0.175325 0.014085
5 0.720130 0.447887 0.149351 0.012676
5 0.709740 0.498592 0.180519 0.014085
5 0.290260 0.538732 0.494805 0.015493
5 0.855195 0.566197 0.190909 0.014085
6 0.064935 0.035211 0.129870 0.070423
6 0.935065 0.035211 0.129870 0.070423
6 0.064935 0.964789 0.129870 0.070423
6 0.935065 0.964789 0.129870 0.070423
