5 0.103913 0.076563 0.134783 0.021875
5 0.498696 0.106875 0.306957 0.026250
5 0.899565 0.141250 0.039130 0.017500
5 0.723478 0.145313 0.226087 0.021875
1 0.477826 0.232500 0.891304 0.028750
1 0.488696 0.256250 0.918261 0.030000
1 0.305217 0.277500 0.546087 0.028750
5 0.121739 0.305000 0.179130 0.027500
2 0.234348 0.336250 0.404348 0.027500
4 0.516087 0.377188 0.541739 0.023125
3 0.103913 0.377188 0.134783 0.016875
2 0.300870 0.415938 0.540870 0.023125
4 0.449565 0.458437 0.408696 0.026875
3 0.103913 0.456875 0.134783 0.017500
2 0.312609 0.496250 0.560870 0.025000
4 0.449565 0.538750 0.408696 0.025000
3 0.103043 0.537500 0.133043 0.018750
5 0.086522 0.578125 0.100000 0.018750
0 0.727826 0.607500 0.330435 0.025000
5 0.730870 0.636875 0.280870 0.025000
5 0.730870 0.664062 0.225217 0.026875
5 0.730000 0.753750 0.282609 0.026250
5 0.248696 0.782813 0.389565 0.021875
5 0.464783 0.813125 0.821739 0.028750
6 0.043478 0.031250 0.086957 0.062500
6 0.956522 0.031250 0.086957 0.062500
6 0.043478 0.968750 0.086957 0.062500
6 0.956522 0.968750 0.086957 0.062500
