5 0.111688 0.043310 0.075325 0.021831
5 0.248701 0.059859 0.100000 0.014085
5 0.588961 0.087676 0.211688 0.019014
5 0.853896 0.089437 0.084416 0.014085
5 0.498052 0.109859 0.323377 0.023944
5 0.827922 0.131690 0.042857 0.011268
5 0.907143 0.131690 0.029870 0.011268
5 0.585714 0.164789 0.044156 0.014085
5 0.694156 0.164789 0.068831 0.014085
5 0.372078 0.165493 0.094805 0.012676
5 0.490909 0.166197 0.025974 0.011268
5 0.309091 0.183803 0.176623 0.012676
5 0.065584 0.184859 0.058442 0.010563
5 0.680519 0.185563 0.187013 0.011972
5 0.100000 0.199296 0.127273 0.014085
1 0.401299 0.211972 0.735065 0.015493
2 0.212338 0.292606 0.305195 0.020423
3 0.844805 0.291901 0.146753 0.016197
5 0.129221 0.311620 0.162338 0.017606
4 0.431169 0.312324 0.116883 0.017606
4 0.726623 0.310563 0.123377 0.012676
2 0.216883 0.329930 0.319481 0.020423
3 0.844805 0.329577 0.146753 0.015493
4 0.727922 0.347183 0.120779 0.014085
5 0.123377 0.348239 0.150649 0.016197
4 0.431818 0.348592 0.115584 0.014085
2 0.244156 0.366549 0.374026 0.019014
3 0.844805 0.365493 0.146753 0.015493
4 0.726623 0.383803 0.123377 0.012676
5 0.123377 0.385211 0.150649 0.014085
4 0.433117 0.386620 0.112987 0.014085
2 0.237013 0.402817 0.354545 0.015493
3 0.842208 0.402817 0.141558 0.015493
4 0.724026 0.420423 0.118182 0.014085
5 0.123377 0.421831 0.150649 0.015493
4 0.428571 0.422535 0.109091 0.014085
5 0.150649 0.442958 0.210390 0.014085
5 0.127922 0.459155 0.170130 0.012676
5 0.130519 0.476761 0.175325 0.014085
0 0.716883 0.502113 0.179221 0.014085
5 0.170779 0.514789 0.175325 0.014085
5 0.720130 0.521479 0.149351 0.011972
5 0.709740 0.573239 0.198701 0.015493
5 0.290260 0.611972 0.494805 0.015493
5 0.853247 0.639437 0.187013 0.014085
6 0.064935 0.035211 0.129870 0.070423
6 0.935065 0.035211 0.129870 0.070423
6 0.064935 0.964789 0.129870 0.070423
6 0.935065 0.964789 0.129870 0.070423
