5 0.103913 0.076563 0.134783 0.021875
5 0.498696 0.106875 0.306957 0.026250
5 0.899565 0.141875 0.042609 0.021250
5 0.723478 0.145313 0.226087 0.021875
1 0.494348 0.231875 0.924348 0.026250
1 0.457391 0.257188 0.850435 0.028125
1 0.364783 0.281250 0.665217 0.025000
5 0.121304 0.305625 0.178261 0.026250
2 0.253043 0.336250 0.441739 0.027500
4 0.367826 0.378437 0.246957 0.026875
3 0.103913 0.377188 0.134783 0.016875
2 0.268261 0.415312 0.475652 0.021875
4 0.449565 0.457500 0.408696 0.025000
3 0.103913 0.456875 0.134783 0.017500
5 0.087826 0.498437 0.102609 0.021875
0 0.727826 0.527188 0.330435 0.023125
5 0.731304 0.556875 0.280000 0.023750
5 0.731304 0.585000 0.224348 0.023750
5 0.730000 0.674063 0.308696 0.026875
5 0.247391 0.702812 0.386957 0.021875
5 0.464783 0.733437 0.821739 0.026875
6 0.043478 0.031250 0.086957 0.062500
6 0.956522 0.031250 0.086957 0.062500
6 0.043478 0.968750 0.086957 0.062500
6 0.956522 0.968750 0.086957 0.062500
