5 0.103913 0.076563 0.134783 0.021875
5 0.498696 0.106875 0.306957 0.026250
5 0.764783 0.145313 0.308696 0.021875
1 0.466957 0.232187 0.869565 0.028125
1 0.386522 0.255312 0.708696 0.026875
5 0.122609 0.280625 0.177391 0.026250
2 0.238696 0.311563 0.413043 0.026875
4 0.448696 0.352812 0.406957 0.025625
3 0.103913 0.352187 0.134783 0.016875
2 0.269565 0.391250 0.478261 0.023750
4 0.448696 0.433437 0.406957 0.023125
3 0.103043 0.432500 0.133043 0.018750
2 0.403913 0.470313 0.743478 0.030625
4 0.443043 0.513750 0.395652 0.025000
3 0.100870 0.513125 0.128696 0.017500
5 0.086522 0.553125 0.100000 0.018750
0 0.727826 0.583125 0.330435 0.026250
5 0.730000 0.611875 0.282609 0.025000
5 0.731304 0.640312 0.224348 0.021875
5 0.729130 0.728437 0.277391 0.034375
5 0.247391 0.759062 0.386957 0.021875
5 0.464783 0.788750 0.821739 0.025000
6 0.043478 0.031250 0.086957 0.062500
6 0.956522 0.031250 0.086957 0.062500
6 0.043478 0.968750 0.086957 0.062500
6 0.956522 0.968750 0.086957 0.062500
