5 0.103913 0.076563 0.134783 0.021875
5 0.498696 0.106875 0.306957 0.026250
5 0.764783 0.145313 0.308696 0.021875
1 0.487826 0.231875 0.911304 0.026250
1 0.055217 0.255312 0.046087 0.016875
5 0.121739 0.280625 0.179130 0.026250
2 0.261739 0.311563 0.459130 0.026875
4 0.513913 0.353438 0.537391 0.026875
3 0.103913 0.352187 0.134783 0.016875
2 0.269565 0.391250 0.478261 0.023750
4 0.449565 0.434375 0.408696 0.025000
3 0.103043 0.432500 0.133043 0.018750
5 0.086522 0.473125 0.100000 0.018750
0 0.727826 0.503125 0.330435 0.025000
5 0.731304 0.531875 0.280000 0.023750
5 0.730870 0.559375 0.225217 0.027500
5 0.728696 0.648125 0.271304 0.018750
5 0.247391 0.678125 0.386957 0.022500
5 0.464783 0.708438 0.821739 0.026875
6 0.043478 0.031250 0.086957 0.062500
6 0.956522 0.031250 0.086957 0.062500
6 0.043478 0.968750 0.086957 0.062500
6 0.956522 0.968750 0.086957 0.062500
