5 0.173026 0.062617 0.272368 0.016822
5 0.596711 0.100000 0.214474 0.029907
5 0.864474 0.102336 0.081579 0.015888
5 0.505263 0.128037 0.326316 0.028037
5 0.838816 0.157477 0.046053 0.015888
5 0.916447 0.157477 0.030263 0.015888
5 0.409211 0.201869 0.028947 0.016822
5 0.495395 0.201869 0.027632 0.016822
5 0.594737 0.201869 0.042105 0.016822
5 0.704605 0.201869 0.064474 0.016822
5 0.687500 0.227103 0.190789 0.022430
5 0.312500 0.226168 0.182895 0.018692
5 0.066447 0.226168 0.059211 0.014953
5 0.100658 0.246729 0.127632 0.018692
1 0.182895 0.264953 0.292105 0.021495
2 0.214474 0.373364 0.307895 0.023364
3 0.857237 0.371963 0.148684 0.020561
5 0.128289 0.395794 0.167105 0.023364
2 0.220395 0.422430 0.325000 0.026168
3 0.857237 0.420561 0.148684 0.020561
5 0.128289 0.444393 0.167105 0.023364
5 0.151316 0.471963 0.215789 0.016822
5 0.128947 0.493925 0.171053 0.017757
5 0.131579 0.519159 0.176316 0.017757
0 0.726974 0.551869 0.180263 0.017757
5 0.173026 0.569159 0.175000 0.016822
5 0.726974 0.575701 0.153947 0.018692
5 0.719737 0.646262 0.210526 0.023364
5 0.294079 0.698598 0.501316 0.019626
5 0.864474 0.734112 0.186842 0.015888
6 0.065789 0.046729 0.131579 0.093458
6 0.934211 0.046729 0.131579 0.093458
6 0.065789 0.953271 0.131579 0.093458
6 0.934211 0.953271 0.131579 0.093458
