5 0.114474 0.064486 0.160526 0.016822
5 0.107237 0.093925 0.146053 0.021495
5 0.604605 0.100000 0.230263 0.028037
5 0.864474 0.101869 0.081579 0.016822
5 0.505263 0.128037 0.326316 0.028037
5 0.838816 0.157477 0.046053 0.015888
5 0.916447 0.157477 0.030263 0.015888
5 0.495395 0.201402 0.027632 0.015888
5 0.593421 0.201869 0.039474 0.016822
5 0.704605 0.201869 0.064474 0.016822
5 0.409211 0.202336 0.028947 0.015888
5 0.687500 0.227103 0.190789 0.022430
5 0.311184 0.226168 0.180263 0.018692
5 0.066447 0.226168 0.059211 0.014953
5 0.226974 0.247196 0.380263 0.017757
1 0.320395 0.265421 0.567105 0.018692
2 0.244737 0.373364 0.368421 0.023364
3 0.857237 0.371963 0.148684 0.020561
5 0.175000 0.397196 0.260526 0.024299
4 0.735526 0.395794 0.121053 0.017757
4 0.437500 0.398131 0.114474 0.018692
5 0.151316 0.423832 0.215789 0.017757
5 0.128947 0.444860 0.171053 0.018692
5 0.230263 0.469159 0.373684 0.020561
0 0.727632 0.501869 0.181579 0.022430
5 0.173026 0.519626 0.175000 0.018692
5 0.727632 0.527103 0.155263 0.020561
5 0.718421 0.599065 0.228947 0.020561
5 0.294079 0.650000 0.501316 0.019626
5 0.867105 0.685514 0.186842 0.015888
6 0.065789 0.046729 0.131579 0.093458
6 0.934211 0.046729 0.131579 0.093458
6 0.065789 0.953271 0.131579 0.093458
6 0.934211 0.953271 0.131579 0.093458
