5 0.112500 0.040187 0.072368 0.028037
5 0.101974 0.094393 0.135526 0.022430
5 0.604605 0.100000 0.230263 0.029907
5 0.863816 0.101869 0.080263 0.016822
5 0.505263 0.128037 0.326316 0.028037
5 0.838816 0.157477 0.046053 0.015888
5 0.916447 0.157477 0.030263 0.015888
5 0.409211 0.201869 0.028947 0.016822
5 0.495395 0.201402 0.027632 0.015888
5 0.594737 0.201402 0.042105 0.015888
5 0.703289 0.201869 0.067105 0.016822
5 0.687500 0.227103 0.190789 0.022430
5 0.311184 0.226168 0.180263 0.018692
5 0.066447 0.226636 0.059211 0.014019
5 0.490132 0.247664 0.906579 0.018692
5 0.498684 0.265888 0.928947 0.017757
5 0.236842 0.284112 0.400000 0.018692
1 0.487500 0.301869 0.901316 0.020561
1 0.494079 0.319626 0.919737 0.018692
1 0.244737 0.338318 0.421053 0.018692
2 0.248026 0.409813 0.375000 0.027103
3 0.857237 0.408879 0.148684 0.021495
5 0.128289 0.431776 0.167105 0.024299
4 0.736184 0.431776 0.122368 0.016822
4 0.437500 0.433645 0.114474 0.018692
2 0.260526 0.458411 0.402632 0.027103
3 0.857237 0.457944 0.148684 0.020561
5 0.128289 0.480374 0.167105 0.024299
4 0.735526 0.479907 0.121053 0.017757
4 0.437500 0.482243 0.114474 0.018692
5 0.151316 0.509346 0.215789 0.018692
5 0.128947 0.529907 0.171053 0.016822
5 0.132237 0.556075 0.177632 0.018692
0 0.726974 0.588785 0.180263 0.018692
5 0.173026 0.605140 0.175000 0.017757
5 0.726974 0.613084 0.153947 0.016822
5 0.720395 0.684579 0.232895 0.023364
5 0.294079 0.735047 0.501316 0.021495
5 0.865789 0.771495 0.189474 0.015888
6 0.065789 0.046729 0.131579 0.093458
6 0.934211 0.046729 0.131579 0.093458
6 0.065789 0.953271 0.131579 0.093458
6 0.934211 0.953271 0.131579 0.093458
