5 0.110435 0.072188 0.156522 0.016875
5 0.097826 0.101875 0.131304 0.021250
5 0.594348 0.107500 0.225217 0.026250
5 0.853043 0.110937 0.080000 0.015625
5 0.497391 0.136563 0.321739 0.029375
5 0.826957 0.164687 0.045217 0.014375
5 0.903913 0.166250 0.030435 0.013750
5 0.694348 0.210000 0.063478 0.017500
5 0.403043 0.210938 0.028696 0.015625
5 0.487826 0.210938 0.027826 0.015625
5 0.584783 0.210938 0.039130 0.015625
5 0.331304 0.210625 0.015652 0.012500
5 0.697391 0.235625 0.222609 0.020000
5 0.126957 0.234063 0.024348 0.015625
5 0.306522 0.235000 0.178261 0.017500
5 0.061739 0.235937 0.059130 0.015625
5 0.484783 0.235625 0.100000 0.012500
5 0.096087 0.255625 0.129565 0.020000
1 0.480000 0.273125 0.895652 0.018750
1 0.057391 0.292187 0.050435 0.015625
2 0.193043 0.382500 0.274783 0.025000
3 0.844348 0.379375 0.146087 0.018750
5 0.123478 0.403750 0.161739 0.023750
4 0.726957 0.403750 0.120000 0.017500
4 0.430435 0.406250 0.113043 0.018750
2 0.193913 0.430937 0.276522 0.025625
3 0.844348 0.429375 0.146087 0.018750
5 0.118261 0.452188 0.151304 0.023125
4 0.726957 0.452188 0.120000 0.016875
4 0.430435 0.454375 0.113043 0.018750
2 0.353913 0.478125 0.596522 0.028750
3 0.841739 0.478438 0.140870 0.020625
5 0.123478 0.501875 0.161739 0.021250
4 0.722609 0.500625 0.114783 0.017500
4 0.426957 0.503750 0.106087 0.017500
5 0.145652 0.530312 0.213043 0.016875
5 0.263913 0.551250 0.449565 0.018750
5 0.126957 0.577187 0.175652 0.016875
0 0.716087 0.610000 0.176522 0.017500
5 0.166957 0.627188 0.173913 0.016875
5 0.716957 0.635000 0.152174 0.017500
5 0.708261 0.703125 0.247826 0.018750
5 0.287391 0.756563 0.498261 0.020625
5 0.854783 0.792188 0.184348 0.015625
6 0.043478 0.031250 0.086957 0.062500
6 0.956522 0.031250 0.086957 0.062500
6 0.043478 0.968750 0.086957 0.062500
6 0.956522 0.968750 0.086957 0.062500
