5 0.195217 0.070000 0.326087 0.018750
5 0.586522 0.107500 0.209565 0.026250
5 0.852174 0.110937 0.078261 0.015625
5 0.497391 0.136563 0.321739 0.029375
5 0.826957 0.164687 0.045217 0.014375
5 0.903913 0.165313 0.030435 0.015625
5 0.694348 0.210000 0.063478 0.017500
5 0.330435 0.210938 0.017391 0.015625
5 0.403043 0.210938 0.028696 0.015625
5 0.487826 0.210938 0.027826 0.015625
5 0.584783 0.210938 0.039130 0.015625
5 0.706957 0.235313 0.241739 0.020625
5 0.305217 0.235000 0.180870 0.017500
5 0.061739 0.235937 0.059130 0.015625
5 0.126957 0.235000 0.024348 0.013750
5 0.482174 0.235625 0.100000 0.012500
5 0.096087 0.255625 0.129565 0.020000
1 0.480000 0.273125 0.895652 0.018750
1 0.057391 0.292187 0.050435 0.015625
2 0.202609 0.382188 0.293913 0.025625
3 0.850870 0.379375 0.159130 0.018750
5 0.123478 0.403750 0.161739 0.020000
4 0.859565 0.403750 0.098261 0.017500
4 0.430435 0.406250 0.113043 0.018750
2 0.193043 0.430937 0.274783 0.025625
3 0.845217 0.430312 0.147826 0.020625
5 0.118261 0.452188 0.151304 0.023125
4 0.430435 0.454375 0.113043 0.018750
2 0.353913 0.478125 0.596522 0.028750
3 0.842174 0.478750 0.141739 0.020000
5 0.123478 0.501250 0.161739 0.022500
4 0.858261 0.501250 0.092174 0.020000
4 0.426957 0.503750 0.106087 0.017500
5 0.145217 0.530000 0.213913 0.020000
5 0.318261 0.552188 0.558261 0.020625
5 0.126957 0.577187 0.175652 0.016875
0 0.716087 0.610000 0.176522 0.017500
5 0.166957 0.627188 0.173913 0.016875
5 0.716957 0.635000 0.152174 0.017500
5 0.710870 0.705313 0.282609 0.023125
5 0.287391 0.756563 0.498261 0.020625
5 0.854783 0.792188 0.184348 0.015625
6 0.043478 0.031250 0.086957 0.062500
6 0.956522 0.031250 0.086957 0.062500
6 0.043478 0.968750 0.086957 0.062500
6 0.956522 0.968750 0.086957 0.062500
