5 0.110435 0.072188 0.156522 0.016875
5 0.138696 0.102813 0.214783 0.023125
5 0.580000 0.107500 0.196522 0.026250
5 0.853043 0.110937 0.080000 0.015625
5 0.496522 0.136563 0.320000 0.029375
5 0.826957 0.164687 0.045217 0.014375
5 0.905217 0.166875 0.027826 0.012500
5 0.584783 0.210000 0.039130 0.017500
5 0.694348 0.210000 0.063478 0.017500
5 0.403043 0.210938 0.028696 0.015625
5 0.487826 0.210938 0.027826 0.015625
5 0.330000 0.210625 0.013043 0.012500
5 0.306522 0.234375 0.178261 0.018750
5 0.678696 0.235625 0.185217 0.020000
5 0.061739 0.235937 0.059130 0.015625
5 0.483478 0.235625 0.097391 0.012500
5 0.463913 0.255312 0.863478 0.020625
5 0.447391 0.274062 0.830435 0.016875
5 0.493043 0.291250 0.921739 0.020000
5 0.493043 0.309375 0.921739 0.022500
5 0.270435 0.327813 0.476522 0.023125
1 0.488696 0.345000 0.913043 0.018750
1 0.295217 0.363125 0.526087 0.017500
2 0.215652 0.453750 0.320000 0.026250
3 0.845217 0.452188 0.147826 0.020625
5 0.179130 0.477187 0.273043 0.024375
4 0.430435 0.478125 0.113043 0.018750
2 0.350435 0.502812 0.589565 0.026875
3 0.842174 0.501250 0.141739 0.022500
5 0.118261 0.524062 0.151304 0.023125
4 0.722609 0.524062 0.114783 0.016875
4 0.857391 0.524062 0.093913 0.016875
4 0.426957 0.526250 0.107826 0.020000
5 0.145652 0.553125 0.213043 0.018750
5 0.232174 0.573125 0.386087 0.018750
5 0.126957 0.600000 0.175652 0.018750
0 0.716957 0.632500 0.178261 0.018750
5 0.166957 0.649062 0.173913 0.016875
5 0.716957 0.656875 0.152174 0.020000
5 0.708261 0.728125 0.178261 0.018750
5 0.287391 0.779062 0.498261 0.021875
5 0.854783 0.815312 0.184348 0.015625
6 0.043478 0.031250 0.086957 0.062500
6 0.956522 0.031250 0.086957 0.062500
6 0.043478 0.968750 0.086957 0.062500
6 0.956522 0.968750 0.086957 0.062500
