5 0.110390 0.043310 0.077922 0.021831
5 0.106494 0.083803 0.145455 0.016901
5 0.596104 0.087676 0.225974 0.019014
5 0.853896 0.090141 0.084416 0.012676
5 0.498052 0.109859 0.323377 0.023944
5 0.827922 0.131690 0.042857 0.011268
5 0.907143 0.131690 0.029870 0.011268
5 0.585714 0.164789 0.044156 0.014085
5 0.695455 0.165493 0.066234 0.012676
5 0.261688 0.166197 0.035065 0.011268
5 0.405195 0.166197 0.028571 0.011268
5 0.490909 0.166197 0.025974 0.011268
5 0.309091 0.183803 0.176623 0.012676
5 0.065584 0.184859 0.058442 0.010563
5 0.680519 0.185563 0.187013 0.011972
5 0.222727 0.198592 0.377922 0.014085
1 0.480519 0.211268 0.893506 0.016901
1 0.061039 0.227817 0.049351 0.011972
2 0.241558 0.292606 0.363636 0.020423
3 0.844805 0.291901 0.146753 0.016197
5 0.174026 0.311972 0.257143 0.019718
4 0.431169 0.312324 0.116883 0.017606
4 0.726623 0.310563 0.123377 0.012676
2 0.195455 0.329930 0.276623 0.020423
3 0.844805 0.329577 0.146753 0.015493
5 0.182468 0.348239 0.274026 0.019014
4 0.431818 0.348592 0.115584 0.014085
5 0.149351 0.369014 0.212987 0.014085
5 0.127922 0.384507 0.170130 0.014085
5 0.222727 0.402465 0.359740 0.016197
0 0.718182 0.429577 0.176623 0.012676
5 0.170779 0.440845 0.175325 0.014085
5 0.720130 0.447887 0.149351 0.012676
5 0.709740 0.501408 0.227273 0.015493
5 0.290260 0.538732 0.494805 0.015493
5 0.855195 0.566197 0.190909 0.014085
6 0.064935 0.035211 0.129870 0.070423
6 0.935065 0.035211 0.129870 0.070423
6 0.064935 0.964789 0.129870 0.070423
6 0.935065 0.964789 0.129870 0.070423
