5 0.110435 0.072500 0.156522 0.017500
5 0.138696 0.102813 0.214783 0.023125
5 0.573043 0.107813 0.184348 0.026875
5 0.853043 0.110937 0.080000 0.015625
5 0.496522 0.136563 0.320000 0.029375
5 0.827826 0.165625 0.043478 0.012500
5 0.903913 0.166250 0.030435 0.013750
5 0.694348 0.210000 0.063478 0.017500
5 0.329130 0.210938 0.014783 0.015625
5 0.403043 0.210938 0.028696 0.015625
5 0.487826 0.210938 0.027826 0.015625
5 0.584783 0.210938 0.039130 0.015625
5 0.678696 0.235625 0.185217 0.020000
5 0.305217 0.235000 0.180870 0.017500
5 0.061739 0.235937 0.059130 0.015625
5 0.483478 0.235625 0.102609 0.012500
5 0.171304 0.256250 0.278261 0.018750
1 0.474348 0.273125 0.884348 0.018750
1 0.413478 0.291875 0.762609 0.018750
2 0.252609 0.381875 0.393913 0.026250
3 0.844348 0.380000 0.146087 0.021250
5 0.123478 0.403750 0.161739 0.023750
4 0.859565 0.403750 0.098261 0.017500
2 0.215652 0.430937 0.320000 0.025625
3 0.845217 0.430312 0.147826 0.020625
5 0.179130 0.453750 0.273043 0.026250
4 0.430435 0.454375 0.113043 0.018750
2 0.287826 0.480312 0.462609 0.023125
3 0.840870 0.478750 0.139130 0.020000
5 0.123478 0.501875 0.161739 0.021250
4 0.426957 0.503750 0.106087 0.017500
2 0.235217 0.528750 0.359130 0.026250
3 0.845217 0.527188 0.147826 0.020625
5 0.123478 0.550625 0.161739 0.023750
4 0.430435 0.553125 0.113043 0.018750
2 0.353913 0.576562 0.596522 0.028125
3 0.842174 0.576250 0.141739 0.022500
5 0.118261 0.599063 0.151304 0.023125
4 0.722609 0.599063 0.114783 0.016875
4 0.426957 0.601250 0.107826 0.020000
5 0.145652 0.628125 0.213043 0.018750
5 0.232174 0.648125 0.386087 0.018750
5 0.126957 0.675000 0.175652 0.018750
0 0.716957 0.707500 0.178261 0.018750
5 0.166957 0.724063 0.173913 0.016875
5 0.716957 0.731875 0.152174 0.017500
5 0.708261 0.803125 0.178261 0.018750
5 0.287391 0.854062 0.498261 0.021875
5 0.854783 0.890312 0.184348 0.015625
6 0.043478 0.031250 0.086957 0.062500
6 0.956522 0.031250 0.086957 0.062500
6 0.043478 0.968750 0.086957 0.062500
6 0.956522 0.968750 0.086957 0.062500
