5 0.103913 0.076563 0.134783 0.021875
5 0.498696 0.106875 0.306957 0.026250
5 0.899565 0.141875 0.042609 0.021250
5 0.723478 0.145313 0.226087 0.021875
1 0.486522 0.229687 0.908696 0.031875
1 0.042174 0.254688 0.020000 0.015625
5 0.121739 0.280625 0.179130 0.026250
2 0.261739 0.311563 0.459130 0.026875
4 0.433478 0.352812 0.376522 0.025625
3 0.103913 0.352187 0.134783 0.016875
2 0.269565 0.391250 0.478261 0.023750
4 0.433043 0.433125 0.375652 0.023750
3 0.103043 0.432500 0.133043 0.018750
5 0.495217 0.469375 0.917391 0.026250
5 0.079130 0.492812 0.085217 0.016875
0 0.727826 0.503125 0.330435 0.025000
5 0.731304 0.531875 0.280000 0.023750
5 0.730870 0.559375 0.225217 0.027500
5 0.730000 0.666875 0.273913 0.018750
5 0.248696 0.695312 0.389565 0.021875
5 0.464783 0.726250 0.821739 0.025000
6 0.043478 0.031250 0.086957 0.062500
6 0.956522 0.031250 0.086957 0.062500
6 0.043478 0.968750 0.086957 0.062500
6 0.956522 0.968750 0.086957 0.062500
