5 0.103913 0.076563 0.134783 0.021875
5 0.498696 0.106875 0.306957 0.026250
5 0.723478 0.145313 0.226087 0.021875
5 0.899565 0.142187 0.039130 0.015625
5 0.061739 0.224062 0.059130 0.016875
1 0.492174 0.250000 0.920000 0.025000
1 0.348696 0.274062 0.633043 0.023125
5 0.121304 0.297500 0.178261 0.026250
2 0.281304 0.328750 0.498261 0.026250
4 0.422609 0.371563 0.354783 0.025625
3 0.103913 0.370000 0.134783 0.018750
2 0.403043 0.407813 0.745217 0.028125
4 0.443043 0.451250 0.395652 0.025000
3 0.100870 0.450000 0.128696 0.018750
5 0.226957 0.489687 0.380870 0.023125
0 0.727826 0.520625 0.330435 0.026250
5 0.730000 0.549375 0.282609 0.025000
5 0.731304 0.577812 0.224348 0.021875
5 0.730000 0.665937 0.266957 0.034375
5 0.248696 0.695312 0.389565 0.021875
5 0.464783 0.726250 0.821739 0.025000
6 0.043478 0.031250 0.086957 0.062500
6 0.956522 0.031250 0.086957 0.062500
6 0.043478 0.968750 0.086957 0.062500
6 0.956522 0.968750 0.086957 0.062500
