5 0.112500 0.040187 0.072368 0.028037
5 0.110526 0.094393 0.152632 0.022430
5 0.604605 0.100000 0.230263 0.029907
5 0.863816 0.101869 0.082895 0.016822
5 0.505263 0.128037 0.326316 0.028037
5 0.838816 0.157477 0.046053 0.015888
5 0.916447 0.157477 0.030263 0.015888
5 0.263816 0.201869 0.035526 0.016822
5 0.408553 0.201869 0.030263 0.016822
5 0.495395 0.201402 0.027632 0.015888
5 0.594737 0.201869 0.042105 0.016822
5 0.703289 0.201869 0.061842 0.016822
5 0.336184 0.201869 0.017105 0.014953
5 0.687500 0.227103 0.190789 0.022430
5 0.311184 0.226168 0.180263 0.018692
5 0.066447 0.226168 0.059211 0.014953
5 0.100658 0.246729 0.127632 0.018692
1 0.300658 0.264486 0.527632 0.020561
2 0.210526 0.373364 0.300000 0.023364
3 0.857237 0.371963 0.148684 0.020561
5 0.128289 0.395794 0.167105 0.023364
4 0.736184 0.395794 0.119737 0.017757
4 0.437500 0.398131 0.114474 0.018692
2 0.220395 0.422430 0.325000 0.026168
3 0.857237 0.420561 0.148684 0.020561
5 0.128289 0.444393 0.167105 0.023364
4 0.736842 0.443925 0.121053 0.016822
4 0.437500 0.446729 0.114474 0.018692
2 0.220395 0.471495 0.325000 0.025234
3 0.857237 0.469159 0.148684 0.020561
5 0.127632 0.492991 0.165789 0.023364
4 0.736184 0.492523 0.119737 0.016822
4 0.437500 0.494860 0.114474 0.019626
3 0.857237 0.517757 0.151316 0.022430
2 0.305921 0.521028 0.490789 0.023364
5 0.127632 0.541121 0.165789 0.024299
4 0.735526 0.541121 0.121053 0.016822
4 0.437500 0.542991 0.114474 0.018692
5 0.151316 0.570093 0.215789 0.018692
5 0.128947 0.591121 0.171053 0.017757
5 0.131579 0.616822 0.176316 0.018692
0 0.727632 0.648598 0.181579 0.022430
5 0.173026 0.665888 0.175000 0.017757
5 0.726974 0.674766 0.153947 0.018692
5 0.719737 0.745794 0.165789 0.020561
5 0.294079 0.795794 0.501316 0.021495
5 0.864474 0.832243 0.186842 0.015888
6 0.065789 0.046729 0.131579 0.093458
6 0.934211 0.046729 0.131579 0.093458
6 0.065789 0.953271 0.131579 0.093458
6 0.934211 0.953271 0.131579 0.093458
