5 0.112500 0.040187 0.072368 0.028037
5 0.107237 0.093925 0.146053 0.021495
5 0.603289 0.100000 0.227632 0.029907
5 0.864474 0.101869 0.081579 0.016822
5 0.505263 0.128037 0.326316 0.028037
5 0.837500 0.157477 0.048684 0.015888
5 0.916447 0.157477 0.030263 0.015888
5 0.495395 0.201402 0.027632 0.015888
5 0.593421 0.201869 0.039474 0.016822
5 0.703289 0.201869 0.067105 0.016822
5 0.336184 0.201869 0.017105 0.014953
5 0.409211 0.202336 0.028947 0.015888
5 0.687500 0.227103 0.190789 0.022430
5 0.312500 0.226168 0.182895 0.018692
5 0.066447 0.226636 0.059211 0.014019
5 0.503289 0.245794 0.932895 0.020561
5 0.100658 0.265421 0.127632 0.018692
1 0.484211 0.282243 0.894737 0.022430
1 0.319079 0.300000 0.569737 0.020561
2 0.194079 0.391121 0.267105 0.027103
3 0.857237 0.389720 0.148684 0.020561
5 0.175000 0.413084 0.260526 0.024299
4 0.437500 0.414486 0.114474 0.017757
2 0.211184 0.439720 0.306579 0.025234
3 0.850000 0.437850 0.134211 0.019626
5 0.175000 0.462617 0.260526 0.024299
4 0.437500 0.463551 0.114474 0.018692
5 0.151316 0.489252 0.215789 0.017757
5 0.128947 0.510280 0.171053 0.018692
5 0.131579 0.537383 0.176316 0.018692
0 0.726316 0.570093 0.178947 0.018692
5 0.173026 0.585981 0.175000 0.016822
5 0.726974 0.593925 0.153947 0.017757
5 0.718421 0.663551 0.189474 0.020561
5 0.294079 0.715421 0.501316 0.023364
5 0.867105 0.750935 0.186842 0.015888
6 0.065789 0.046729 0.131579 0.093458
6 0.934211 0.046729 0.131579 0.093458
6 0.065789 0.953271 0.131579 0.093458
6 0.934211 0.953271 0.131579 0.093458
