5 0.110435 0.072188 0.156522 0.016875
5 0.097391 0.101250 0.130435 0.018750
5 0.594348 0.107500 0.225217 0.026250
5 0.853043 0.110937 0.080000 0.015625
5 0.497391 0.136563 0.321739 0.029375
5 0.826957 0.164687 0.045217 0.014375
5 0.903913 0.165313 0.030435 0.015625
5 0.694348 0.210000 0.063478 0.017500
5 0.330435 0.210938 0.017391 0.015625
5 0.403043 0.210938 0.028696 0.015625
5 0.487826 0.210938 0.027826 0.015625
5 0.584783 0.210938 0.039130 0.015625
5 0.373478 0.234375 0.317391 0.018750
5 0.697391 0.235625 0.222609 0.020000
5 0.061739 0.235937 0.059130 0.015625
5 0.126957 0.235000 0.024348 0.013750
5 0.479130 0.254688 0.893913 0.021875
5 0.175652 0.274062 0.286957 0.016875
1 0.469130 0.290625 0.873913 0.018750
1 0.212609 0.308750 0.360870 0.018750
2 0.353913 0.398438 0.596522 0.028125
3 0.840870 0.397500 0.139130 0.017500
5 0.123478 0.421250 0.161739 0.023750
4 0.723478 0.420938 0.113043 0.016875
4 0.426957 0.424063 0.106087 0.016875
2 0.243043 0.448125 0.374783 0.025000
3 0.845217 0.447500 0.147826 0.020000
5 0.123478 0.469375 0.161739 0.023750
4 0.726087 0.469375 0.121739 0.017500
4 0.429130 0.472500 0.110435 0.017500
5 0.145652 0.499063 0.213043 0.016875
5 0.124348 0.520000 0.172174 0.020000
5 0.126957 0.545937 0.175652 0.016875
0 0.716087 0.578750 0.176522 0.017500
5 0.166957 0.595938 0.173913 0.016875
5 0.716957 0.603750 0.152174 0.017500
5 0.708696 0.671875 0.191304 0.018750
5 0.287391 0.725000 0.498261 0.023750
5 0.854783 0.761563 0.184348 0.014375
6 0.043478 0.031250 0.086957 0.062500
6 0.956522 0.031250 0.086957 0.062500
6 0.043478 0.968750 0.086957 0.062500
6 0.956522 0.968750 0.086957 0.062500
