5 0.110435 0.072188 0.156522 0.016875
5 0.138696 0.102813 0.214783 0.023125
5 0.594348 0.107500 0.225217 0.026250
5 0.852174 0.110937 0.078261 0.015625
5 0.497391 0.136563 0.321739 0.029375
5 0.826957 0.165313 0.045217 0.015625
5 0.903913 0.166250 0.030435 0.013750
5 0.694348 0.210000 0.063478 0.017500
5 0.330435 0.210000 0.017391 0.013750
5 0.403043 0.210938 0.028696 0.015625
5 0.487826 0.210938 0.027826 0.015625
5 0.584783 0.210938 0.039130 0.015625
5 0.305217 0.234375 0.180870 0.018750
5 0.678696 0.235625 0.185217 0.020000
5 0.061739 0.235937 0.059130 0.015625
5 0.483478 0.235000 0.097391 0.013750
5 0.480870 0.255000 0.897391 0.020000
5 0.481304 0.273750 0.898261 0.020000
5 0.492174 0.292812 0.920000 0.016875
5 0.488696 0.310000 0.913043 0.022500
1 0.318261 0.328125 0.572174 0.018750
2 0.253043 0.436563 0.393043 0.023125
3 0.845217 0.435000 0.147826 0.020000
5 0.123478 0.457500 0.161739 0.022500
4 0.860870 0.457813 0.095652 0.015625
2 0.243913 0.485625 0.376522 0.025000
3 0.851739 0.483438 0.160870 0.020625
5 0.179130 0.508437 0.273043 0.024375
4 0.430435 0.509375 0.113043 0.018750
5 0.145652 0.535000 0.213043 0.017500
5 0.237826 0.556875 0.397391 0.017500
5 0.126957 0.581875 0.175652 0.017500
0 0.716087 0.614688 0.176522 0.016875
5 0.166957 0.631875 0.173913 0.017500
5 0.717391 0.639687 0.153043 0.020625
5 0.708261 0.710000 0.178261 0.017500
5 0.287391 0.761875 0.498261 0.021250
5 0.854783 0.798438 0.184348 0.015625
6 0.043478 0.031250 0.086957 0.062500
6 0.956522 0.031250 0.086957 0.062500
6 0.043478 0.968750 0.086957 0.062500
6 0.956522 0.968750 0.086957 0.062500
