5 0.103913 0.076563 0.134783 0.021875
5 0.498696 0.106875 0.306957 0.026250
5 0.723478 0.145313 0.226087 0.021875
5 0.899565 0.142187 0.039130 0.015625
5 0.266087 0.222812 0.467826 0.026875
1 0.477826 0.250000 0.891304 0.026250
1 0.256522 0.273438 0.452174 0.021875
5 0.122609 0.297500 0.177391 0.026250
2 0.261739 0.328750 0.459130 0.026250
4 0.448696 0.370937 0.406957 0.023125
3 0.103043 0.370000 0.133043 0.018750
2 0.300870 0.409375 0.540870 0.025000
4 0.449565 0.451250 0.408696 0.025000
3 0.103043 0.450625 0.133043 0.017500
2 0.234348 0.489687 0.404348 0.026875
4 0.516087 0.530312 0.541739 0.023125
3 0.103043 0.530312 0.133043 0.016875
2 0.311304 0.569063 0.558261 0.023125
4 0.448696 0.611563 0.406957 0.023125
3 0.103043 0.610625 0.133043 0.018750
5 0.086522 0.651250 0.100000 0.018750
0 0.729130 0.680312 0.333043 0.023125
5 0.731304 0.710000 0.280000 0.023750
5 0.730870 0.738125 0.223478 0.023750
5 0.730000 0.827500 0.282609 0.031250
5 0.247391 0.855938 0.386957 0.021875
5 0.464783 0.886563 0.821739 0.029375
6 0.043478 0.031250 0.086957 0.062500
6 0.956522 0.031250 0.086957 0.062500
6 0.043478 0.968750 0.086957 0.062500
6 0.956522 0.968750 0.086957 0.062500
