5 0.110435 0.072188 0.156522 0.016875
5 0.138696 0.102813 0.214783 0.023125
5 0.580000 0.107500 0.196522 0.026250
5 0.853043 0.110937 0.080000 0.015625
5 0.496522 0.136563 0.320000 0.029375
5 0.826957 0.164687 0.045217 0.014375
5 0.903913 0.165313 0.030435 0.015625
5 0.694348 0.210000 0.063478 0.017500
5 0.403043 0.210938 0.028696 0.015625
5 0.487826 0.210938 0.027826 0.015625
5 0.584783 0.210938 0.039130 0.015625
5 0.330000 0.211562 0.013043 0.014375
5 0.305217 0.234375 0.180870 0.018750
5 0.678696 0.235625 0.185217 0.020000
5 0.061739 0.235937 0.059130 0.015625
5 0.483478 0.235625 0.097391 0.012500
5 0.458261 0.255312 0.852174 0.020625
1 0.488696 0.273750 0.913043 0.020000
1 0.419130 0.291875 0.773913 0.018750
2 0.252609 0.381875 0.393913 0.026250
3 0.844348 0.380000 0.146087 0.021250
5 0.123478 0.403750 0.161739 0.023750
4 0.859565 0.403750 0.098261 0.017500
2 0.215652 0.430937 0.320000 0.025625
3 0.845217 0.430312 0.147826 0.020625
5 0.123478 0.452500 0.161739 0.023750
4 0.430435 0.454375 0.113043 0.018750
2 0.213478 0.479375 0.315652 0.025000
3 0.845217 0.478750 0.147826 0.020000
5 0.123478 0.501875 0.161739 0.021250
4 0.859565 0.501563 0.098261 0.015625
5 0.145217 0.530000 0.213913 0.020000
5 0.232609 0.551250 0.386957 0.018750
5 0.126957 0.577187 0.175652 0.016875
0 0.716957 0.610000 0.178261 0.017500
5 0.166957 0.627188 0.173913 0.016875
5 0.716957 0.635000 0.152174 0.017500
5 0.708261 0.705313 0.178261 0.016875
5 0.287391 0.756563 0.498261 0.020625
5 0.854783 0.792813 0.184348 0.014375
6 0.043478 0.031250 0.086957 0.062500
6 0.956522 0.031250 0.086957 0.062500
6 0.043478 0.968750 0.086957 0.062500
6 0.956522 0.968750 0.086957 0.062500
