5 0.111688 0.043310 0.075325 0.021831
5 0.235714 0.060563 0.074026 0.012676
5 0.588961 0.087676 0.211688 0.019014
5 0.853896 0.089437 0.084416 0.014085
5 0.498052 0.109859 0.323377 0.023944
5 0.864286 0.131690 0.115584 0.011268
5 0.585714 0.164789 0.044156 0.014085
5 0.694156 0.164789 0.063636 0.014085
5 0.489610 0.166197 0.028571 0.011268
5 0.309091 0.183803 0.176623 0.012676
5 0.066883 0.184859 0.061039 0.010563
5 0.680519 0.185563 0.187013 0.011972
5 0.100000 0.199296 0.127273 0.014085
1 0.372727 0.211972 0.677922 0.015493
2 0.205195 0.292606 0.290909 0.020423
3 0.842208 0.291901 0.141558 0.016197
5 0.123377 0.311620 0.150649 0.017606
4 0.429870 0.313732 0.106494 0.011972
2 0.300649 0.330986 0.487013 0.018310
3 0.844805 0.329577 0.146753 0.015493
5 0.123377 0.348239 0.150649 0.016197
4 0.431818 0.348592 0.115584 0.014085
5 0.150649 0.369014 0.210390 0.015493
5 0.127922 0.384507 0.170130 0.014085
5 0.130519 0.403521 0.175325 0.014085
0 0.716883 0.428873 0.179221 0.014085
5 0.170779 0.440845 0.175325 0.014085
5 0.720130 0.447887 0.149351 0.012676
5 0.709740 0.500352 0.222078 0.017606
5 0.290260 0.538732 0.494805 0.015493
5 0.855195 0.566197 0.190909 0.014085
6 0.064935 0.035211 0.129870 0.070423
6 0.935065 0.035211 0.129870 0.070423
6 0.064935 0.964789 0.129870 0.070423
6 0.935065 0.964789 0.129870 0.070423
