5 0.111688 0.043310 0.075325 0.021831
5 0.579870 0.087676 0.193506 0.019014
5 0.851948 0.089437 0.080519 0.014085
5 0.498052 0.109859 0.323377 0.023944
5 0.864286 0.131690 0.115584 0.011268
5 0.585714 0.164789 0.044156 0.014085
5 0.696753 0.165493 0.063636 0.012676
5 0.490909 0.166197 0.025974 0.011268
5 0.309091 0.183803 0.176623 0.012676
5 0.066883 0.184859 0.061039 0.010563
5 0.680519 0.185563 0.187013 0.011972
5 0.100000 0.199296 0.127273 0.014085
1 0.488961 0.211972 0.910390 0.015493
1 0.177922 0.227113 0.283117 0.014789
2 0.266234 0.292606 0.412987 0.020423
3 0.844805 0.291901 0.146753 0.016197
5 0.125974 0.310915 0.163636 0.019014
2 0.268831 0.329930 0.423377 0.020423
3 0.844805 0.329577 0.146753 0.015493
5 0.122078 0.347535 0.153247 0.017606
2 0.196753 0.366197 0.279221 0.019718
3 0.837662 0.365493 0.132468 0.015493
5 0.122078 0.384155 0.153247 0.016197
2 0.381169 0.402465 0.642857 0.023239
3 0.844805 0.402817 0.146753 0.015493
5 0.123377 0.421831 0.150649 0.015493
5 0.150649 0.442958 0.210390 0.014085
5 0.129221 0.459155 0.167532 0.012676
5 0.130519 0.476761 0.175325 0.014085
0 0.716883 0.502113 0.179221 0.014085
5 0.170779 0.514789 0.175325 0.014085
5 0.720130 0.521479 0.149351 0.011972
5 0.709740 0.573944 0.263636 0.018310
5 0.292208 0.611972 0.498701 0.015493
5 0.855195 0.639437 0.190909 0.014085
6 0.064935 0.035211 0.129870 0.070423
6 0.935065 0.035211 0.129870 0.070423
6 0.064935 0.964789 0.129870 0.070423
6 0.935065 0.964789 0.129870 0.070423
