5 0.846753 0.039437 0.218182 0.016901
5 0.830519 0.056690 0.175325 0.013380
5 0.092857 0.059155 0.112987 0.012676
5 0.117532 0.073592 0.167532 0.019014
5 0.499351 0.096831 0.307792 0.021831
5 0.801948 0.118662 0.250649 0.016197
1 0.270130 0.169366 0.472727 0.020423
5 0.116234 0.215493 0.164935 0.015493
2 0.150649 0.232746 0.233766 0.021831
3 0.862338 0.233803 0.148052 0.015493
4 0.300649 0.252817 0.533766 0.018310
2 0.174026 0.271479 0.285714 0.019014
3 0.862338 0.271479 0.148052 0.016197
4 0.277273 0.290493 0.487013 0.019014
2 0.202597 0.309155 0.342857 0.018310
3 0.862338 0.309155 0.148052 0.015493
4 0.300649 0.327817 0.533766 0.020423
5 0.078571 0.348944 0.084416 0.010563
0 0.724026 0.365493 0.279221 0.015493
5 0.725974 0.382394 0.236364 0.015493
5 0.727273 0.404225 0.187013 0.015493
5 0.100649 0.440845 0.115584 0.014085
5 0.726623 0.483099 0.222078 0.016901
5 0.196753 0.505986 0.292208 0.013380
5 0.356494 0.518662 0.616883 0.017606
6 0.064935 0.035211 0.129870 0.070423
6 0.935065 0.035211 0.129870 0.070423
6 0.064935 0.964789 0.129870 0.070423
6 0.935065 0.964789 0.129870 0.070423
