5 0.103913 0.076563 0.134783 0.021875
5 0.498696 0.106875 0.306957 0.026250
5 0.764783 0.145313 0.308696 0.021875
1 0.248696 0.230625 0.433043 0.025000
5 0.121304 0.261875 0.178261 0.026250
2 0.257391 0.292187 0.450435 0.028125
4 0.362609 0.334375 0.234783 0.025000
3 0.103043 0.333437 0.133043 0.016875
5 0.086522 0.374063 0.100000 0.020625
0 0.726522 0.403125 0.333043 0.026250
5 0.731304 0.432812 0.280000 0.021875
5 0.731304 0.461562 0.224348 0.023125
5 0.730000 0.551562 0.282609 0.021875
5 0.247391 0.578125 0.386957 0.022500
5 0.464783 0.610000 0.821739 0.026250
5 0.190870 0.639062 0.287826 0.024375
6 0.043478 0.031250 0.086957 0.062500
6 0.956522 0.031250 0.086957 0.062500
6 0.043478 0.968750 0.086957 0.062500
6 0.956522 0.968750 0.086957 0.062500
