5 0.062987 0.062324 0.045455 0.009155
5 0.106494 0.083803 0.145455 0.016901
5 0.596104 0.087676 0.225974 0.019014
5 0.853896 0.089437 0.084416 0.014085
5 0.498052 0.109859 0.323377 0.023944
5 0.827922 0.131690 0.042857 0.011268
5 0.907143 0.131690 0.029870 0.011268
5 0.585714 0.164789 0.044156 0.014085
5 0.695455 0.164789 0.066234 0.014085
5 0.372078 0.165493 0.094805 0.012676
5 0.490909 0.165141 0.025974 0.009155
5 0.309091 0.183803 0.176623 0.012676
5 0.065584 0.184859 0.058442 0.010563
5 0.680519 0.185563 0.187013 0.011972
5 0.224026 0.199648 0.375325 0.011972
1 0.316234 0.212676 0.564935 0.016901
2 0.242857 0.292606 0.366234 0.020423
3 0.844805 0.291901 0.146753 0.016197
5 0.174026 0.311972 0.257143 0.019718
4 0.431169 0.312324 0.116883 0.017606
5 0.149351 0.331690 0.212987 0.014085
5 0.125974 0.348944 0.174026 0.014789
5 0.231818 0.366197 0.377922 0.016901
0 0.718182 0.391549 0.181818 0.016901
5 0.170779 0.404930 0.175325 0.014085
5 0.718182 0.410563 0.153247 0.015493
5 0.709740 0.461972 0.188312 0.015493
5 0.292208 0.501761 0.498701 0.017606
5 0.855195 0.529577 0.190909 0.012676
6 0.064935 0.035211 0.129870 0.070423
6 0.935065 0.035211 0.129870 0.070423
6 0.064935 0.964789 0.129870 0.070423
6 0.935065 0.964789 0.129870 0.070423
