5 0.103913 0.076563 0.134783 0.021875
5 0.498696 0.106875 0.306957 0.026250
5 0.899565 0.141250 0.039130 0.017500
5 0.723478 0.145313 0.226087 0.021875
1 0.485652 0.230313 0.906957 0.026875
1 0.485652 0.256563 0.910435 0.023125
1 0.093913 0.279375 0.123478 0.018750
5 0.121739 0.305000 0.179130 0.027500
2 0.238696 0.335938 0.413043 0.028125
4 0.524348 0.377188 0.558261 0.023125
3 0.103913 0.377188 0.134783 0.016875
2 0.268261 0.415312 0.475652 0.021875
4 0.449565 0.458437 0.408696 0.026875
3 0.103913 0.456875 0.134783 0.017500
2 0.403913 0.495312 0.743478 0.028125
4 0.501739 0.538750 0.513043 0.025000
3 0.100435 0.536875 0.127826 0.018750
5 0.086522 0.578125 0.100000 0.018750
0 0.727826 0.607500 0.330435 0.025000
5 0.730000 0.636875 0.282609 0.025000
5 0.730870 0.664687 0.223478 0.023125
5 0.730000 0.753750 0.308696 0.026250
5 0.248696 0.782813 0.389565 0.021875
5 0.464783 0.813125 0.821739 0.028750
6 0.043478 0.031250 0.086957 0.062500
6 0.956522 0.031250 0.086957 0.062500
6 0.043478 0.968750 0.086957 0.062500
6 0.956522 0.968750 0.086957 0.062500
