5 0.112500 0.040187 0.072368 0.028037
5 0.256579 0.063551 0.105263 0.014953
5 0.596711 0.100000 0.214474 0.029907
5 0.863816 0.102336 0.080263 0.015888
5 0.505263 0.128037 0.326316 0.028037
5 0.838816 0.157477 0.046053 0.015888
5 0.916447 0.157477 0.030263 0.015888
5 0.409211 0.201869 0.028947 0.016822
5 0.495395 0.201402 0.027632 0.015888
5 0.594737 0.201869 0.042105 0.016822
5 0.703289 0.201869 0.067105 0.016822
5 0.336842 0.202804 0.015789 0.013084
5 0.687500 0.227103 0.190789 0.022430
5 0.311184 0.226168 0.180263 0.018692
5 0.066447 0.226168 0.059211 0.014953
5 0.100658 0.246729 0.127632 0.018692
1 0.274342 0.264486 0.475000 0.020561
2 0.209211 0.373364 0.297368 0.025234
3 0.857237 0.371963 0.148684 0.020561
5 0.128289 0.395794 0.167105 0.025234
4 0.437500 0.398131 0.114474 0.018692
5 0.151316 0.423832 0.215789 0.017757
5 0.128947 0.444860 0.171053 0.018692
5 0.131579 0.469626 0.176316 0.019626
0 0.726974 0.503271 0.180263 0.017757
5 0.173026 0.519626 0.175000 0.018692
5 0.727632 0.527103 0.155263 0.020561
5 0.719737 0.597664 0.210526 0.023364
5 0.294079 0.650000 0.501316 0.019626
5 0.867105 0.685514 0.186842 0.015888
6 0.065789 0.046729 0.131579 0.093458
6 0.934211 0.046729 0.131579 0.093458
6 0.065789 0.953271 0.131579 0.093458
6 0.934211 0.953271 0.131579 0.093458
