5 0.195217 0.070000 0.326087 0.018750
5 0.586522 0.107500 0.209565 0.026250
5 0.853043 0.110937 0.080000 0.015625
5 0.497391 0.136563 0.321739 0.029375
5 0.827826 0.165625 0.043478 0.012500
5 0.903913 0.166250 0.030435 0.013750
5 0.694348 0.210000 0.063478 0.017500
5 0.403043 0.210938 0.028696 0.015625
5 0.487826 0.210000 0.027826 0.013750
5 0.584783 0.210000 0.039130 0.013750
5 0.331304 0.210625 0.015652 0.012500
5 0.706087 0.235000 0.240000 0.021250
5 0.305217 0.235000 0.180870 0.017500
5 0.061739 0.235937 0.059130 0.015625
5 0.483478 0.235000 0.097391 0.013750
5 0.128261 0.235625 0.021739 0.012500
5 0.096087 0.255625 0.129565 0.020000
1 0.280000 0.272500 0.495652 0.020000
2 0.252609 0.381875 0.393913 0.026250
3 0.844348 0.379375 0.146087 0.018750
5 0.123478 0.403750 0.161739 0.020000
4 0.859565 0.403750 0.098261 0.017500
4 0.430435 0.406250 0.113043 0.018750
2 0.243043 0.431250 0.374783 0.025000
3 0.845217 0.430312 0.147826 0.020625
5 0.123478 0.452500 0.161739 0.023750
4 0.860870 0.452188 0.095652 0.016875
4 0.430000 0.454375 0.113913 0.021250
2 0.282609 0.480312 0.452174 0.023125
3 0.845217 0.478750 0.147826 0.020000
5 0.123478 0.501875 0.161739 0.021250
4 0.860870 0.500625 0.095652 0.017500
4 0.430435 0.503750 0.113043 0.017500
5 0.145652 0.530312 0.213043 0.016875
5 0.124348 0.551250 0.172174 0.020000
5 0.126957 0.577187 0.175652 0.016875
0 0.716087 0.610000 0.176522 0.017500
5 0.166957 0.627188 0.173913 0.016875
5 0.716957 0.634375 0.152174 0.018750
5 0.710870 0.705313 0.282609 0.023125
5 0.287391 0.756563 0.498261 0.020625
5 0.854783 0.792813 0.184348 0.014375
6 0.043478 0.031250 0.086957 0.062500
6 0.956522 0.031250 0.086957 0.062500
6 0.043478 0.968750 0.086957 0.062500
6 0.956522 0.968750 0.086957 0.062500
