5 0.114286 0.061972 0.155844 0.012676
5 0.100000 0.083803 0.135065 0.018310
5 0.594156 0.087676 0.222078 0.019014
5 0.853896 0.089437 0.084416 0.014085
5 0.498052 0.109859 0.323377 0.023944
5 0.827922 0.131690 0.042857 0.011268
5 0.907143 0.131690 0.029870 0.011268
5 0.585714 0.164789 0.044156 0.014085
5 0.331818 0.165493 0.175325 0.012676
5 0.695455 0.165493 0.061039 0.012676
5 0.490909 0.166197 0.025974 0.011268
5 0.309091 0.183803 0.176623 0.012676
5 0.065584 0.184859 0.058442 0.010563
5 0.680519 0.185563 0.187013 0.011972
5 0.214935 0.199648 0.357143 0.011972
1 0.480519 0.211972 0.893506 0.018310
1 0.175325 0.226056 0.283117 0.015493
2 0.255844 0.292606 0.392208 0.020423
3 0.844805 0.291901 0.146753 0.016197
5 0.123377 0.311620 0.150649 0.017606
4 0.431169 0.312324 0.116883 0.017606
4 0.727922 0.310563 0.120779 0.012676
2 0.215584 0.329930 0.316883 0.020423
3 0.844805 0.329577 0.146753 0.015493
5 0.126623 0.347535 0.162338 0.017606
4 0.431818 0.348592 0.115584 0.014085
2 0.244805 0.365845 0.375325 0.020423
3 0.844805 0.366197 0.146753 0.016901
5 0.127922 0.384155 0.164935 0.016197
4 0.727922 0.383803 0.120779 0.012676
4 0.433117 0.386620 0.112987 0.014085
2 0.194156 0.403873 0.268831 0.020423
3 0.844805 0.402817 0.146753 0.015493
4 0.726623 0.420423 0.123377 0.014085
5 0.123377 0.421831 0.150649 0.015493
4 0.431818 0.422535 0.115584 0.014085
5 0.150649 0.442958 0.210390 0.014085
5 0.127922 0.459155 0.170130 0.012676
5 0.130519 0.476761 0.175325 0.014085
0 0.716883 0.502113 0.179221 0.014085
5 0.170779 0.514789 0.175325 0.014085
5 0.720130 0.521479 0.149351 0.011972
5 0.709740 0.573944 0.232468 0.016901
5 0.292208 0.611972 0.498701 0.015493
5 0.855195 0.639437 0.190909 0.014085
6 0.064935 0.035211 0.129870 0.070423
6 0.935065 0.035211 0.129870 0.070423
6 0.064935 0.964789 0.129870 0.070423
6 0.935065 0.964789 0.129870 0.070423
