5 0.103913 0.076563 0.134783 0.021875
5 0.498696 0.106875 0.306957 0.026250
5 0.764783 0.145313 0.308696 0.021875
1 0.492174 0.232187 0.920000 0.028125
1 0.348696 0.256250 0.633043 0.025000
5 0.121739 0.280625 0.179130 0.026250
2 0.266957 0.311563 0.469565 0.026875
4 0.433478 0.353750 0.376522 0.027500
3 0.103913 0.352187 0.134783 0.016875
2 0.226522 0.391250 0.393913 0.026250
4 0.429130 0.433437 0.367826 0.023125
3 0.103043 0.432500 0.133043 0.018750
2 0.403913 0.470313 0.743478 0.030625
4 0.443043 0.513750 0.395652 0.025000
3 0.100870 0.513125 0.128696 0.017500
5 0.224783 0.552188 0.376522 0.025625
0 0.727826 0.583125 0.330435 0.026250
5 0.730000 0.611875 0.282609 0.025000
5 0.730870 0.640312 0.223478 0.021875
5 0.730000 0.729375 0.213043 0.023750
5 0.247391 0.759062 0.386957 0.021875
5 0.464783 0.788750 0.821739 0.025000
6 0.043478 0.031250 0.086957 0.062500
6 0.956522 0.031250 0.086957 0.062500
6 0.043478 0.968750 0.086957 0.062500
6 0.956522 0.968750 0.086957 0.062500
