5 0.114474 0.064486 0.160526 0.016822
5 0.107237 0.093925 0.146053 0.021495
5 0.604605 0.100000 0.230263 0.029907
5 0.864474 0.101869 0.081579 0.016822
5 0.505263 0.128037 0.326316 0.028037
5 0.837500 0.157477 0.048684 0.015888
5 0.916447 0.157477 0.030263 0.015888
5 0.409211 0.201869 0.028947 0.016822
5 0.495395 0.201402 0.027632 0.015888
5 0.594737 0.201869 0.042105 0.016822
5 0.703289 0.201869 0.067105 0.016822
5 0.336184 0.201869 0.017105 0.014953
5 0.687500 0.227103 0.190789 0.022430
5 0.311184 0.226168 0.180263 0.018692
5 0.066447 0.226168 0.059211 0.014953
5 0.100658 0.246729 0.127632 0.018692
1 0.487500 0.264486 0.901316 0.020561
1 0.059868 0.283178 0.051316 0.016822
2 0.244737 0.373364 0.368421 0.025234
3 0.857237 0.371963 0.148684 0.020561
5 0.175000 0.397196 0.260526 0.024299
4 0.736184 0.395794 0.119737 0.017757
4 0.437500 0.398131 0.114474 0.018692
2 0.339474 0.422430 0.560526 0.026168
3 0.857237 0.420561 0.148684 0.020561
5 0.184211 0.445794 0.278947 0.024299
4 0.437500 0.446729 0.114474 0.018692
2 0.198026 0.471495 0.280263 0.025234
3 0.857237 0.469159 0.148684 0.020561
5 0.184211 0.494393 0.278947 0.024299
4 0.437500 0.494860 0.114474 0.019626
5 0.151316 0.521495 0.215789 0.018692
5 0.128947 0.542523 0.171053 0.017757
5 0.230263 0.567290 0.373684 0.020561
0 0.726974 0.600467 0.180263 0.017757
5 0.173026 0.617757 0.175000 0.016822
5 0.726974 0.624299 0.153947 0.018692
5 0.718421 0.697196 0.228947 0.020561
5 0.294079 0.747196 0.501316 0.021495
5 0.867105 0.783178 0.186842 0.016822
6 0.065789 0.046729 0.131579 0.093458
6 0.934211 0.046729 0.131579 0.093458
6 0.065789 0.953271 0.131579 0.093458
6 0.934211 0.953271 0.131579 0.093458
