1 0.112500 0.040187 0.072368 0.028037
1 0.107237 0.093925 0.146053 0.021495
1 0.604605 0.100000 0.230263 0.029907
1 0.864474 0.102336 0.081579 0.015888
1 0.505263 0.128037 0.326316 0.028037
1 0.838816 0.157477 0.046053 0.015888
1 0.916447 0.157477 0.030263 0.015888
1 0.409211 0.201869 0.028947 0.016822
1 0.495395 0.201402 0.027632 0.015888
1 0.594737 0.201869 0.042105 0.016822
1 0.704605 0.201869 0.064474 0.016822
1 0.687500 0.227103 0.190789 0.022430
1 0.311184 0.226168 0.180263 0.018692
1 0.066447 0.226168 0.059211 0.014953
1 0.490132 0.247196 0.906579 0.017757
1 0.487500 0.265421 0.906579 0.018692
1 0.497368 0.284112 0.921053 0.018692
1 0.371053 0.300935 0.668421 0.018692
1 0.503947 0.319626 0.934211 0.018692
1 0.053289 0.336916 0.038158 0.015888
2 0.244737 0.427103 0.368421 0.026168
3 0.857237 0.426168 0.148684 0.022430
5 0.175000 0.450467 0.260526 0.024299
4 0.736184 0.448598 0.119737 0.016822
4 0.437500 0.451402 0.114474 0.018692
2 0.339474 0.475234 0.560526 0.027103
3 0.857237 0.475234 0.148684 0.019626
5 0.184211 0.499065 0.278947 0.026168
4 0.437500 0.499533 0.114474 0.019626
2 0.248026 0.524766 0.377632 0.025234
3 0.857237 0.523832 0.148684 0.019626
5 0.175000 0.548598 0.260526 0.024299
4 0.735526 0.547196 0.121053 0.017757
4 0.437500 0.549533 0.114474 0.018692
5 0.151316 0.575234 0.215789 0.017757
5 0.128947 0.596262 0.171053 0.018692
5 0.223684 0.621028 0.360526 0.019626
0 0.727632 0.653271 0.181579 0.022430
5 0.173026 0.671028 0.175000 0.018692
5 0.726974 0.679439 0.153947 0.018692
5 0.718421 0.750467 0.228947 0.020561
5 0.294079 0.800935 0.501316 0.022430
5 0.867105 0.836916 0.186842 0.015888
6 0.065789 0.046729 0.131579 0.093458
6 0.934211 0.046729 0.131579 0.093458
6 0.065789 0.953271 0.131579 0.093458
6 0.934211 0.953271 0.131579 0.093458
