5 0.103913 0.076563 0.134783 0.021875
5 0.498696 0.106875 0.306957 0.026250
5 0.764783 0.145313 0.308696 0.021875
1 0.492174 0.232500 0.920000 0.028750
1 0.242174 0.255937 0.423478 0.021875
5 0.121739 0.280625 0.179130 0.026250
2 0.261739 0.311250 0.459130 0.027500
4 0.448696 0.352812 0.406957 0.025625
3 0.103913 0.352187 0.134783 0.016875
2 0.300870 0.391875 0.540870 0.025000
4 0.448696 0.433437 0.406957 0.023125
3 0.103043 0.432500 0.133043 0.018750
2 0.234348 0.472187 0.404348 0.026875
4 0.516087 0.513125 0.541739 0.023750
3 0.103913 0.513125 0.134783 0.017500
2 0.311304 0.551875 0.558261 0.023750
4 0.448261 0.593125 0.406087 0.025000
3 0.103913 0.592812 0.134783 0.016875
5 0.087391 0.634375 0.103478 0.023750
0 0.729130 0.663125 0.333043 0.023750
5 0.731304 0.692813 0.280000 0.023125
5 0.730870 0.720938 0.223478 0.023125
5 0.730000 0.810000 0.282609 0.026250
5 0.247391 0.839063 0.386957 0.021875
5 0.464783 0.869375 0.821739 0.028750
6 0.043478 0.031250 0.086957 0.062500
6 0.956522 0.031250 0.086957 0.062500
6 0.043478 0.968750 0.086957 0.062500
6 0.956522 0.968750 0.086957 0.062500
