5 0.103913 0.076563 0.134783 0.021875
5 0.498696 0.106875 0.306957 0.026250
5 0.723478 0.145313 0.226087 0.021875
5 0.899565 0.142813 0.039130 0.016875
1 0.480000 0.232187 0.895652 0.028125
1 0.486522 0.256250 0.908696 0.026250
1 0.175652 0.280000 0.292174 0.028750
5 0.121739 0.305000 0.179130 0.027500
2 0.238696 0.335938 0.413043 0.028125
4 0.512609 0.377188 0.534783 0.023125
3 0.103043 0.377188 0.133043 0.016875
2 0.245217 0.415000 0.429565 0.025000
4 0.449565 0.458437 0.408696 0.026875
3 0.103913 0.456875 0.134783 0.017500
2 0.270435 0.495937 0.476522 0.023125
4 0.448696 0.538125 0.406957 0.023750
3 0.105217 0.538125 0.137391 0.020000
2 0.403913 0.574688 0.743478 0.028125
4 0.504783 0.618750 0.519130 0.025000
3 0.100870 0.617812 0.128696 0.016875
5 0.495217 0.655312 0.917391 0.026875
5 0.079130 0.678750 0.085217 0.017500
0 0.727826 0.688125 0.330435 0.023750
5 0.731304 0.717187 0.280000 0.021875
5 0.730870 0.745938 0.223478 0.023125
5 0.730000 0.851250 0.275652 0.032500
5 0.249565 0.881875 0.391304 0.023750
5 0.464783 0.911563 0.821739 0.026875
6 0.043478 0.031250 0.086957 0.062500
6 0.956522 0.031250 0.086957 0.062500
6 0.043478 0.968750 0.086957 0.062500
6 0.956522 0.968750 0.086957 0.062500
