5 0.110435 0.071563 0.156522 0.015625
5 0.143043 0.102500 0.221739 0.021250
5 0.594348 0.107500 0.225217 0.026250
5 0.853043 0.110937 0.080000 0.015625
5 0.497391 0.136563 0.321739 0.029375
5 0.826957 0.164687 0.045217 0.014375
5 0.903913 0.165313 0.030435 0.015625
5 0.693478 0.210000 0.065217 0.017500
5 0.330435 0.210938 0.017391 0.015625
5 0.403043 0.210938 0.028696 0.015625
5 0.487826 0.210938 0.027826 0.015625
5 0.584783 0.210938 0.039130 0.015625
5 0.305217 0.234375 0.180870 0.018750
5 0.706087 0.235313 0.240000 0.020625
5 0.061739 0.235937 0.059130 0.015625
5 0.128261 0.235625 0.021739 0.012500
5 0.484783 0.235625 0.100000 0.012500
5 0.493043 0.255312 0.921739 0.020625
5 0.050000 0.274062 0.030435 0.010625
1 0.490000 0.290938 0.915652 0.021875
1 0.477826 0.309375 0.891304 0.018750
1 0.135652 0.327188 0.210435 0.016875
2 0.271304 0.399062 0.431304 0.026875
3 0.844348 0.397500 0.146087 0.017500
5 0.123478 0.421250 0.161739 0.023750
4 0.726957 0.420938 0.120000 0.016875
4 0.430000 0.423438 0.113913 0.020625
2 0.235217 0.448125 0.359130 0.025000
3 0.845217 0.447500 0.147826 0.020000
5 0.123478 0.469375 0.161739 0.023750
4 0.726957 0.469375 0.120000 0.017500
4 0.429130 0.472500 0.110435 0.017500
2 0.226087 0.497500 0.339130 0.023750
3 0.845217 0.495937 0.147826 0.020625
5 0.123478 0.519375 0.161739 0.023750
4 0.726957 0.519375 0.120000 0.017500
4 0.430435 0.521875 0.113043 0.018750
2 0.337391 0.544687 0.563478 0.029375
3 0.845217 0.544375 0.147826 0.020000
5 0.123478 0.568125 0.161739 0.023750
4 0.726957 0.567813 0.120000 0.016875
4 0.430000 0.570000 0.113913 0.021250
2 0.350870 0.595625 0.588696 0.023750
3 0.841739 0.594063 0.140870 0.020625
5 0.123478 0.616250 0.161739 0.023750
4 0.722609 0.616250 0.114783 0.017500
4 0.426957 0.619375 0.106087 0.017500
5 0.145217 0.645625 0.213913 0.020000
5 0.124783 0.665625 0.171304 0.018750
5 0.126957 0.692813 0.175652 0.016875
0 0.716087 0.725625 0.176522 0.017500
5 0.166957 0.742812 0.173913 0.016875
5 0.716957 0.749062 0.152174 0.020625
5 0.708261 0.819375 0.244348 0.026250
5 0.287391 0.871875 0.498261 0.023750
5 0.854783 0.907188 0.184348 0.015625
6 0.043478 0.031250 0.086957 0.062500
6 0.956522 0.031250 0.086957 0.062500
6 0.043478 0.968750 0.086957 0.062500
6 0.956522 0.968750 0.086957 0.062500
