5 0.110435 0.071563 0.156522 0.015625
5 0.097826 0.101875 0.131304 0.021250
5 0.594348 0.107500 0.225217 0.026250
5 0.853043 0.110937 0.080000 0.015625
5 0.497391 0.136563 0.321739 0.029375
5 0.826957 0.164687 0.045217 0.014375
5 0.903913 0.165313 0.030435 0.015625
5 0.693913 0.209687 0.069565 0.019375
5 0.584783 0.210000 0.039130 0.017500
5 0.403043 0.210938 0.028696 0.015625
5 0.487826 0.210938 0.027826 0.015625
5 0.331304 0.210625 0.015652 0.012500
5 0.305217 0.234375 0.180870 0.018750
5 0.706087 0.235313 0.240000 0.020625
5 0.061739 0.235937 0.059130 0.015625
5 0.126957 0.235000 0.024348 0.013750
5 0.483478 0.235625 0.097391 0.012500
5 0.277826 0.255312 0.491304 0.020625
1 0.493043 0.272188 0.921739 0.020625
1 0.387826 0.291875 0.711304 0.020000
2 0.287391 0.382188 0.463478 0.026875
3 0.842174 0.380312 0.141739 0.020625
5 0.123478 0.403750 0.161739 0.023750
4 0.723478 0.403750 0.113043 0.017500
4 0.426957 0.406250 0.106087 0.018750
2 0.216957 0.430937 0.322609 0.025625
3 0.840870 0.430312 0.139130 0.020625
5 0.123478 0.452500 0.161739 0.023750
4 0.435652 0.454375 0.123478 0.018750
2 0.213478 0.479375 0.315652 0.025000
3 0.845217 0.478750 0.147826 0.020000
5 0.123478 0.501563 0.161739 0.021875
4 0.868261 0.501563 0.115652 0.015625
2 0.243043 0.528750 0.374783 0.026250
3 0.845217 0.527188 0.147826 0.020625
5 0.123478 0.550625 0.161739 0.023750
4 0.726957 0.550625 0.120000 0.017500
4 0.430435 0.553125 0.113043 0.018750
5 0.145217 0.579375 0.213913 0.018750
5 0.263913 0.600000 0.449565 0.018750
5 0.126957 0.625625 0.175652 0.017500
0 0.716087 0.659375 0.176522 0.018750
5 0.166957 0.675625 0.173913 0.017500
5 0.717391 0.683438 0.153043 0.020625
5 0.709565 0.754375 0.259130 0.025000
5 0.287391 0.805625 0.498261 0.021250
5 0.854783 0.841562 0.184348 0.015625
6 0.043478 0.031250 0.086957 0.062500
6 0.956522 0.031250 0.086957 0.062500
6 0.043478 0.968750 0.086957 0.062500
6 0.956522 0.968750 0.086957 0.062500
