5 0.111688 0.043310 0.075325 0.021831
5 0.100000 0.083803 0.135065 0.018310
5 0.596104 0.087676 0.225974 0.019014
5 0.853896 0.089437 0.084416 0.014085
5 0.498052 0.109859 0.323377 0.023944
5 0.864286 0.131690 0.115584 0.011268
5 0.585714 0.165493 0.044156 0.012676
5 0.695455 0.165493 0.061039 0.012676
5 0.489610 0.166197 0.028571 0.011268
5 0.310390 0.183803 0.179221 0.012676
5 0.065584 0.184859 0.058442 0.010563
5 0.680519 0.185563 0.187013 0.011972
5 0.493506 0.199648 0.919481 0.016197
5 0.494805 0.212676 0.922078 0.014085
5 0.147403 0.227113 0.222078 0.016197
1 0.477273 0.240493 0.881818 0.017606
1 0.398052 0.253521 0.728571 0.014085
2 0.255844 0.321479 0.392208 0.019014
3 0.844805 0.319718 0.146753 0.015493
5 0.127922 0.338380 0.164935 0.017606
4 0.431818 0.339437 0.115584 0.014085
5 0.150649 0.360563 0.210390 0.012676
5 0.127922 0.375352 0.170130 0.014085
5 0.225974 0.394366 0.366234 0.014085
0 0.716883 0.419014 0.179221 0.014085
5 0.170779 0.432394 0.175325 0.015493
5 0.720130 0.438732 0.149351 0.012676
5 0.708442 0.490141 0.190909 0.018310
5 0.290909 0.529930 0.496104 0.017606
5 0.855195 0.556690 0.190909 0.013380
6 0.064935 0.035211 0.129870 0.070423
6 0.935065 0.035211 0.129870 0.070423
6 0.064935 0.964789 0.129870 0.070423
6 0.935065 0.964789 0.129870 0.070423
