5 0.110435 0.072188 0.156522 0.016875
5 0.097391 0.101250 0.130435 0.018750
5 0.580000 0.107500 0.196522 0.026250
5 0.853043 0.110937 0.080000 0.015625
5 0.497391 0.136563 0.321739 0.029375
5 0.826957 0.164687 0.045217 0.014375
5 0.906087 0.166250 0.026087 0.011250
5 0.584783 0.209063 0.039130 0.015625
5 0.694348 0.210000 0.063478 0.017500
5 0.403043 0.210938 0.028696 0.015625
5 0.487826 0.210000 0.027826 0.013750
5 0.331304 0.210625 0.015652 0.012500
5 0.305217 0.234375 0.180870 0.018750
5 0.697391 0.235625 0.222609 0.020000
5 0.061739 0.235937 0.059130 0.015625
5 0.128261 0.235625 0.021739 0.012500
5 0.484783 0.235625 0.100000 0.012500
5 0.471304 0.255312 0.878261 0.020625
5 0.084348 0.275625 0.106087 0.022500
1 0.490000 0.290625 0.915652 0.018750
1 0.488696 0.309063 0.913043 0.020625
1 0.049565 0.329375 0.038261 0.017500
2 0.212609 0.399375 0.313913 0.026250
3 0.840870 0.397500 0.139130 0.017500
5 0.153913 0.421875 0.222609 0.025000
4 0.723478 0.420938 0.113043 0.016875
4 0.426522 0.423125 0.106957 0.018750
2 0.282174 0.448750 0.451304 0.023750
3 0.845217 0.447500 0.147826 0.020000
5 0.118261 0.469375 0.151304 0.023750
4 0.787391 0.469062 0.240870 0.016875
4 0.430435 0.472500 0.113043 0.017500
2 0.205217 0.497500 0.297391 0.023750
3 0.845217 0.495937 0.147826 0.020625
5 0.179130 0.520938 0.273043 0.024375
4 0.726957 0.519375 0.120000 0.017500
4 0.430435 0.521875 0.113043 0.018750
2 0.350870 0.546250 0.588696 0.025000
3 0.840870 0.543750 0.139130 0.018750
5 0.118261 0.567813 0.151304 0.023125
4 0.722609 0.567813 0.114783 0.016875
4 0.857391 0.567813 0.093913 0.016875
4 0.426957 0.570000 0.107826 0.020000
5 0.145652 0.596875 0.213043 0.018750
5 0.124783 0.616875 0.171304 0.018750
5 0.126957 0.643750 0.175652 0.018750
0 0.716957 0.676250 0.178261 0.018750
5 0.166957 0.692813 0.173913 0.016875
5 0.716957 0.700625 0.152174 0.020000
5 0.709565 0.771563 0.236522 0.021875
5 0.287391 0.822187 0.498261 0.020625
5 0.854783 0.859062 0.184348 0.015625
6 0.043478 0.031250 0.086957 0.062500
6 0.956522 0.031250 0.086957 0.062500
6 0.043478 0.968750 0.086957 0.062500
6 0.956522 0.968750 0.086957 0.062500
