5 0.112500 0.040187 0.072368 0.028037
5 0.100658 0.094393 0.132895 0.022430
5 0.604605 0.099533 0.230263 0.027103
5 0.864474 0.102336 0.081579 0.015888
5 0.505263 0.128037 0.326316 0.028037
5 0.838816 0.157477 0.046053 0.015888
5 0.916447 0.157477 0.030263 0.015888
5 0.409211 0.201869 0.028947 0.016822
5 0.495395 0.201402 0.027632 0.015888
5 0.593421 0.201869 0.039474 0.016822
5 0.704605 0.201869 0.064474 0.016822
5 0.336184 0.201869 0.017105 0.014953
5 0.687500 0.227103 0.190789 0.022430
5 0.312500 0.226168 0.182895 0.018692
5 0.066447 0.226636 0.059211 0.014019
5 0.500658 0.247196 0.927632 0.019626
5 0.500658 0.265888 0.932895 0.017757
5 0.225000 0.284112 0.381579 0.022430
1 0.497368 0.301869 0.921053 0.020561
1 0.390789 0.319159 0.713158 0.021495
2 0.267763 0.410280 0.414474 0.028037
3 0.857237 0.408879 0.148684 0.021495
5 0.128289 0.431776 0.167105 0.024299
4 0.436842 0.433645 0.115789 0.020561
2 0.226316 0.459346 0.334211 0.025234
3 0.857237 0.457477 0.148684 0.021495
5 0.126974 0.480374 0.164474 0.024299
4 0.871711 0.479907 0.098684 0.017757
2 0.260526 0.507009 0.402632 0.025234
3 0.857237 0.506542 0.148684 0.020561
5 0.122368 0.528505 0.155263 0.023364
4 0.436842 0.530841 0.115789 0.020561
5 0.151316 0.557009 0.215789 0.018692
5 0.128947 0.578505 0.171053 0.016822
5 0.230263 0.604206 0.373684 0.019626
0 0.726974 0.637850 0.180263 0.017757
5 0.173026 0.653271 0.175000 0.016822
5 0.727632 0.661682 0.155263 0.020561
5 0.718421 0.731776 0.189474 0.022430
5 0.294079 0.783645 0.501316 0.021495
5 0.867105 0.820093 0.192105 0.015888
6 0.065789 0.046729 0.131579 0.093458
6 0.934211 0.046729 0.131579 0.093458
6 0.065789 0.953271 0.131579 0.093458
6 0.934211 0.953271 0.131579 0.093458
