5 0.195217 0.070000 0.326087 0.018750
5 0.586522 0.107500 0.209565 0.026250
5 0.852174 0.110937 0.078261 0.015625
5 0.497391 0.136563 0.321739 0.029375
5 0.903913 0.165313 0.030435 0.015625
5 0.827826 0.165625 0.043478 0.012500
5 0.694348 0.210000 0.063478 0.017500
5 0.330435 0.210938 0.017391 0.015625
5 0.403043 0.210938 0.028696 0.015625
5 0.487826 0.210938 0.027826 0.015625
5 0.584783 0.210938 0.039130 0.015625
5 0.706087 0.235313 0.240000 0.020625
5 0.306522 0.235000 0.178261 0.017500
5 0.061739 0.235937 0.059130 0.015625
5 0.128261 0.235625 0.021739 0.012500
5 0.482174 0.235625 0.100000 0.012500
5 0.096522 0.255000 0.128696 0.017500
1 0.434348 0.272188 0.804348 0.020625
2 0.225652 0.381875 0.340000 0.026250
3 0.844348 0.379375 0.146087 0.018750
5 0.123478 0.403750 0.161739 0.023750
4 0.859565 0.403750 0.098261 0.017500
4 0.430435 0.406250 0.113043 0.018750
2 0.271304 0.430625 0.431304 0.026250
3 0.845217 0.430312 0.147826 0.020625
5 0.118261 0.452188 0.151304 0.023125
4 0.859565 0.452188 0.098261 0.016875
4 0.430000 0.454688 0.113913 0.020625
2 0.203913 0.479375 0.296522 0.025000
3 0.845217 0.478750 0.147826 0.020000
5 0.264783 0.503125 0.444348 0.021250
4 0.860870 0.501563 0.095652 0.015625
2 0.353913 0.527813 0.596522 0.029375
3 0.841739 0.526875 0.140870 0.020000
5 0.123478 0.550625 0.161739 0.023750
4 0.858696 0.550625 0.091304 0.017500
4 0.426957 0.553125 0.106087 0.018750
5 0.145652 0.578750 0.213043 0.017500
5 0.336957 0.600625 0.595652 0.020000
5 0.126957 0.625625 0.175652 0.017500
0 0.716087 0.658438 0.176522 0.016875
5 0.166957 0.675625 0.173913 0.017500
5 0.716957 0.683125 0.153913 0.021250
5 0.709565 0.754375 0.285217 0.025000
5 0.287391 0.805625 0.498261 0.021250
5 0.854783 0.841562 0.184348 0.015625
6 0.043478 0.031250 0.086957 0.062500
6 0.956522 0.031250 0.086957 0.062500
6 0.043478 0.968750 0.086957 0.062500
6 0.956522 0.968750 0.086957 0.062500
