5 0.111688 0.043310 0.075325 0.021831
5 0.248701 0.059859 0.100000 0.014085
5 0.587013 0.087676 0.207792 0.019014
5 0.851948 0.089437 0.080519 0.014085
5 0.498052 0.109859 0.323377 0.023944
5 0.827922 0.131690 0.042857 0.011268
5 0.907143 0.131690 0.029870 0.011268
5 0.585714 0.164789 0.044156 0.014085
5 0.695455 0.165493 0.061039 0.012676
5 0.331818 0.166197 0.175325 0.011268
5 0.490909 0.165141 0.025974 0.009155
5 0.309091 0.183803 0.176623 0.012676
5 0.066883 0.184859 0.061039 0.010563
5 0.680519 0.185563 0.187013 0.011972
5 0.100000 0.199296 0.127273 0.014085
1 0.403896 0.210563 0.740260 0.019718
2 0.267532 0.292606 0.415584 0.020423
3 0.842208 0.291901 0.141558 0.016197
4 0.725325 0.310563 0.115584 0.012676
5 0.127273 0.311972 0.158442 0.012676
4 0.429870 0.313028 0.106494 0.010563
2 0.273377 0.329930 0.432468 0.020423
3 0.844805 0.329577 0.146753 0.015493
4 0.727922 0.347183 0.120779 0.014085
5 0.126623 0.348239 0.162338 0.016197
4 0.431818 0.348592 0.115584 0.014085
2 0.244805 0.365845 0.375325 0.020423
3 0.844805 0.365493 0.146753 0.015493
5 0.122078 0.384155 0.153247 0.016197
4 0.726623 0.383803 0.123377 0.012676
4 0.433117 0.385563 0.112987 0.011972
2 0.356494 0.403169 0.593506 0.021831
3 0.842208 0.402817 0.141558 0.015493
4 0.724026 0.420423 0.118182 0.014085
5 0.123377 0.421831 0.150649 0.015493
4 0.428571 0.422535 0.109091 0.014085
5 0.150649 0.442958 0.210390 0.014085
5 0.129221 0.459155 0.167532 0.012676
5 0.130519 0.476761 0.175325 0.014085
0 0.716883 0.502113 0.179221 0.014085
5 0.170779 0.514789 0.175325 0.014085
5 0.720130 0.521479 0.149351 0.011972
5 0.709740 0.573239 0.198701 0.015493
5 0.290260 0.611972 0.494805 0.015493
5 0.855195 0.639437 0.190909 0.014085
6 0.064935 0.035211 0.129870 0.070423
6 0.935065 0.035211 0.129870 0.070423
6 0.064935 0.964789 0.129870 0.070423
6 0.935065 0.964789 0.129870 0.070423
