5 0.110435 0.072188 0.156522 0.016875
5 0.097826 0.101875 0.131304 0.021250
5 0.580000 0.107500 0.196522 0.026250
5 0.853043 0.110937 0.080000 0.015625
5 0.496522 0.136563 0.320000 0.029375
5 0.827826 0.166250 0.043478 0.013750
5 0.903913 0.166250 0.030435 0.013750
5 0.694348 0.210000 0.063478 0.017500
5 0.403043 0.210938 0.028696 0.015625
5 0.487826 0.210938 0.027826 0.015625
5 0.584783 0.210938 0.039130 0.015625
5 0.331304 0.211562 0.015652 0.014375
5 0.697391 0.235000 0.222609 0.021250
5 0.305217 0.235000 0.180870 0.017500
5 0.061739 0.235937 0.059130 0.015625
5 0.126957 0.235000 0.024348 0.013750
5 0.483478 0.235625 0.102609 0.012500
5 0.096087 0.255625 0.129565 0.020000
1 0.206087 0.273125 0.347826 0.018750
2 0.287391 0.382188 0.463478 0.026875
3 0.842174 0.381875 0.141739 0.020000
5 0.123478 0.403750 0.161739 0.023750
4 0.426957 0.406250 0.106087 0.018750
5 0.145652 0.431875 0.213043 0.017500
5 0.240000 0.453750 0.401739 0.017500
5 0.126522 0.480312 0.176522 0.020625
0 0.716957 0.513125 0.178261 0.017500
5 0.166957 0.528750 0.173913 0.017500
5 0.716957 0.536563 0.152174 0.016875
5 0.708261 0.606875 0.235652 0.023750
5 0.287391 0.658750 0.498261 0.021250
5 0.854783 0.695312 0.184348 0.015625
6 0.043478 0.031250 0.086957 0.062500
6 0.956522 0.031250 0.086957 0.062500
6 0.043478 0.968750 0.086957 0.062500
6 0.956522 0.968750 0.086957 0.062500
