5 0.103913 0.076563 0.134783 0.021875
5 0.498696 0.106875 0.306957 0.026250
5 0.899565 0.141250 0.039130 0.017500
5 0.723478 0.145313 0.226087 0.021875
1 0.460435 0.231875 0.856522 0.026250
1 0.472609 0.256875 0.880870 0.023750
1 0.225652 0.280313 0.386957 0.026875
5 0.121739 0.305000 0.179130 0.027500
2 0.227826 0.336562 0.391304 0.026875
4 0.433043 0.377188 0.375652 0.023125
3 0.103913 0.377188 0.134783 0.016875
2 0.395217 0.415625 0.731304 0.027500
4 0.434348 0.457500 0.378261 0.025000
3 0.103913 0.456875 0.134783 0.017500
2 0.403913 0.495312 0.743478 0.028125
4 0.427826 0.538125 0.365217 0.027500
3 0.100435 0.536875 0.127826 0.018750
2 0.238696 0.576250 0.413043 0.025000
4 0.449565 0.618750 0.408696 0.025000
3 0.103043 0.617812 0.133043 0.016875
5 0.086522 0.658438 0.100000 0.020625
0 0.727826 0.688125 0.330435 0.023750
5 0.731304 0.717187 0.280000 0.021875
5 0.731304 0.745938 0.224348 0.023125
5 0.730000 0.834375 0.273913 0.018750
5 0.247391 0.863125 0.386957 0.020000
5 0.464783 0.894062 0.821739 0.026875
6 0.043478 0.031250 0.086957 0.062500
6 0.956522 0.031250 0.086957 0.062500
6 0.043478 0.968750 0.086957 0.062500
6 0.956522 0.968750 0.086957 0.062500
