5 0.103913 0.076563 0.134783 0.021875
5 0.498696 0.106875 0.306957 0.026250
5 0.764783 0.145313 0.308696 0.021875
1 0.480000 0.231875 0.895652 0.026250
1 0.285652 0.257188 0.506957 0.028125
5 0.121739 0.280625 0.179130 0.026250
2 0.261739 0.311563 0.459130 0.026875
4 0.512609 0.353438 0.534783 0.026875
3 0.103913 0.352187 0.134783 0.016875
2 0.336957 0.391875 0.613043 0.025000
4 0.362609 0.434375 0.234783 0.025000
3 0.103043 0.432500 0.133043 0.018750
2 0.269130 0.470938 0.473913 0.023125
4 0.449565 0.513750 0.408696 0.025000
3 0.103043 0.513125 0.133043 0.017500
5 0.086522 0.553125 0.100000 0.018750
0 0.727826 0.583125 0.330435 0.026250
5 0.730000 0.611875 0.282609 0.025000
5 0.731304 0.640312 0.224348 0.021875
5 0.730000 0.729375 0.273913 0.018750
5 0.247391 0.759062 0.386957 0.021875
5 0.464783 0.788750 0.821739 0.025000
6 0.043478 0.031250 0.086957 0.062500
6 0.956522 0.031250 0.086957 0.062500
6 0.043478 0.968750 0.086957 0.062500
6 0.956522 0.968750 0.086957 0.062500
