5 0.110435 0.072188 0.156522 0.016875
5 0.108261 0.103125 0.153913 0.023750
5 0.594348 0.107500 0.225217 0.026250
5 0.853043 0.110937 0.080000 0.015625
5 0.497391 0.136563 0.321739 0.029375
5 0.826957 0.164687 0.045217 0.014375
5 0.905217 0.166875 0.027826 0.012500
5 0.694348 0.210000 0.063478 0.017500
5 0.403043 0.210938 0.028696 0.015625
5 0.487826 0.210938 0.027826 0.015625
5 0.584783 0.210938 0.039130 0.015625
5 0.331304 0.210625 0.015652 0.012500
5 0.305217 0.234375 0.180870 0.018750
5 0.706087 0.235313 0.240000 0.020625
5 0.126957 0.234063 0.024348 0.015625
5 0.061739 0.235937 0.059130 0.015625
5 0.484783 0.235625 0.100000 0.012500
5 0.334348 0.255312 0.604348 0.020625
1 0.484348 0.272500 0.904348 0.020000
2 0.271304 0.381875 0.431304 0.026250
3 0.844348 0.380312 0.146087 0.020625
5 0.123478 0.403750 0.161739 0.020000
4 0.859565 0.403750 0.098261 0.017500
4 0.430435 0.406250 0.113043 0.018750
2 0.235217 0.430937 0.359130 0.025625
3 0.845217 0.430312 0.147826 0.020625
5 0.123478 0.452500 0.161739 0.023750
4 0.860870 0.452188 0.095652 0.016875
4 0.430000 0.454375 0.113913 0.021250
2 0.298261 0.479063 0.485217 0.028125
3 0.845217 0.478750 0.147826 0.020000
5 0.123478 0.501875 0.161739 0.021250
4 0.860435 0.502500 0.096522 0.020000
4 0.430435 0.503750 0.113043 0.017500
5 0.145652 0.530312 0.213043 0.016875
5 0.124348 0.551250 0.172174 0.020000
5 0.126957 0.577187 0.175652 0.016875
0 0.716087 0.610000 0.176522 0.017500
5 0.166957 0.627188 0.173913 0.016875
5 0.716957 0.635000 0.152174 0.017500
5 0.708261 0.704688 0.230435 0.015625
5 0.287391 0.756563 0.498261 0.020625
5 0.853913 0.792188 0.182609 0.015625
6 0.043478 0.031250 0.086957 0.062500
6 0.956522 0.031250 0.086957 0.062500
6 0.043478 0.968750 0.086957 0.062500
6 0.956522 0.968750 0.086957 0.062500
