5 0.111688 0.043310 0.075325 0.021831
5 0.229870 0.059859 0.062338 0.014085
5 0.588961 0.087676 0.211688 0.019014
5 0.853896 0.089437 0.084416 0.014085
5 0.498052 0.109859 0.323377 0.023944
5 0.827922 0.131690 0.042857 0.011268
5 0.907143 0.131690 0.029870 0.011268
5 0.585714 0.164789 0.044156 0.014085
5 0.696753 0.165493 0.063636 0.012676
5 0.372078 0.166197 0.094805 0.011268
5 0.490909 0.166197 0.025974 0.011268
5 0.309091 0.183803 0.176623 0.012676
5 0.066883 0.184859 0.061039 0.010563
5 0.680519 0.185563 0.187013 0.011972
5 0.100000 0.199296 0.127273 0.014085
1 0.222727 0.211268 0.377922 0.014085
2 0.267532 0.292606 0.415584 0.020423
3 0.844805 0.291901 0.146753 0.016197
5 0.127273 0.311268 0.163636 0.014085
2 0.237013 0.329930 0.359740 0.020423
3 0.844805 0.329577 0.146753 0.015493
5 0.122078 0.347535 0.153247 0.017606
2 0.196753 0.365845 0.279221 0.020423
3 0.837662 0.365493 0.132468 0.015493
5 0.123377 0.385211 0.150649 0.014085
2 0.274675 0.403873 0.429870 0.020423
3 0.844805 0.402817 0.146753 0.015493
5 0.123377 0.421831 0.150649 0.015493
5 0.150649 0.442958 0.210390 0.014085
5 0.127922 0.459155 0.170130 0.012676
5 0.130519 0.476761 0.175325 0.014085
0 0.718182 0.502113 0.181818 0.014085
5 0.170779 0.514789 0.175325 0.014085
5 0.720130 0.521479 0.149351 0.011972
5 0.711039 0.572887 0.224675 0.019014
5 0.292208 0.611972 0.498701 0.015493
5 0.855195 0.639437 0.190909 0.014085
6 0.064935 0.035211 0.129870 0.070423
6 0.935065 0.035211 0.129870 0.070423
6 0.064935 0.964789 0.129870 0.070423
6 0.935065 0.964789 0.129870 0.070423
