5 0.110435 0.072188 0.156522 0.016875
5 0.097826 0.101875 0.131304 0.021250
5 0.594348 0.107500 0.225217 0.026250
5 0.853043 0.110000 0.080000 0.017500
5 0.497391 0.136563 0.321739 0.029375
5 0.826957 0.164687 0.045217 0.014375
5 0.903913 0.165313 0.030435 0.015625
5 0.694348 0.210000 0.063478 0.017500
5 0.403043 0.210938 0.028696 0.015625
5 0.487826 0.210938 0.027826 0.015625
5 0.584783 0.210938 0.039130 0.015625
5 0.331304 0.210625 0.015652 0.012500
5 0.305217 0.234375 0.180870 0.018750
5 0.706087 0.235313 0.240000 0.020625
5 0.132174 0.234063 0.034783 0.015625
5 0.061739 0.235937 0.059130 0.015625
5 0.483478 0.235625 0.102609 0.012500
5 0.268261 0.256250 0.472174 0.018750
1 0.477826 0.273750 0.891304 0.020000
2 0.287391 0.382188 0.463478 0.026875
3 0.841739 0.380625 0.142609 0.022500
5 0.123478 0.403750 0.161739 0.023750
4 0.426957 0.406250 0.106087 0.018750
2 0.216957 0.430937 0.322609 0.025625
3 0.834348 0.430000 0.126087 0.020000
5 0.123478 0.452500 0.161739 0.023750
4 0.435652 0.454375 0.123478 0.018750
5 0.145652 0.481250 0.213043 0.018750
5 0.124783 0.502188 0.171304 0.016875
5 0.126957 0.528750 0.175652 0.017500
0 0.716087 0.561562 0.176522 0.016875
5 0.166957 0.577812 0.173913 0.015625
5 0.716957 0.585000 0.152174 0.020000
5 0.708261 0.654375 0.247826 0.018750
5 0.287391 0.707187 0.498261 0.021875
5 0.854783 0.743437 0.184348 0.015625
6 0.043478 0.031250 0.086957 0.062500
6 0.956522 0.031250 0.086957 0.062500
6 0.043478 0.968750 0.086957 0.062500
6 0.956522 0.968750 0.086957 0.062500
