5 0.103913 0.076563 0.134783 0.021875
5 0.498696 0.106875 0.306957 0.026250
5 0.764783 0.145313 0.308696 0.021875
1 0.472609 0.231875 0.880870 0.027500
1 0.474348 0.256563 0.884348 0.023125
5 0.121739 0.280625 0.179130 0.026250
2 0.403913 0.310312 0.743478 0.029375
4 0.503913 0.353438 0.517391 0.026875
3 0.100870 0.352187 0.128696 0.016875
5 0.087826 0.393750 0.104348 0.023750
0 0.727826 0.421875 0.330435 0.026250
5 0.731304 0.452188 0.280000 0.023125
5 0.731304 0.480312 0.224348 0.023125
5 0.730000 0.569375 0.282609 0.026250
5 0.247391 0.598437 0.386957 0.021875
5 0.464783 0.628750 0.821739 0.026250
6 0.043478 0.031250 0.086957 0.062500
6 0.956522 0.031250 0.086957 0.062500
6 0.043478 0.968750 0.086957 0.062500
6 0.956522 0.968750 0.086957 0.062500
