5 0.111688 0.043310 0.075325 0.021831
5 0.237013 0.061268 0.071429 0.011268
5 0.588961 0.086972 0.211688 0.020423
5 0.851948 0.089437 0.080519 0.014085
5 0.496104 0.108803 0.319481 0.021831
5 0.827922 0.131690 0.042857 0.011268
5 0.907143 0.131690 0.029870 0.011268
5 0.587662 0.165493 0.040260 0.012676
5 0.696753 0.165493 0.063636 0.012676
5 0.379221 0.183803 0.316883 0.012676
5 0.065584 0.184859 0.058442 0.010563
5 0.680519 0.185563 0.187013 0.011972
5 0.100000 0.199296 0.127273 0.014085
1 0.474675 0.211972 0.881818 0.015493
1 0.227922 0.226056 0.383117 0.012676
2 0.205195 0.292606 0.290909 0.020423
3 0.842208 0.291901 0.141558 0.016197
5 0.123377 0.311620 0.150649 0.017606
4 0.429870 0.313732 0.106494 0.011972
2 0.300649 0.330986 0.487013 0.018310
3 0.844805 0.329577 0.146753 0.015493
5 0.123377 0.348239 0.150649 0.016197
4 0.431818 0.348592 0.115584 0.014085
4 0.862338 0.347887 0.096104 0.012676
5 0.148701 0.368310 0.214286 0.016901
5 0.127922 0.384507 0.170130 0.014085
5 0.130519 0.403521 0.175325 0.014085
0 0.718182 0.429577 0.176623 0.012676
5 0.170779 0.440845 0.175325 0.014085
5 0.720130 0.447887 0.149351 0.012676
5 0.709740 0.500352 0.222078 0.017606
5 0.290260 0.538732 0.494805 0.015493
5 0.855195 0.566197 0.190909 0.014085
6 0.064935 0.035211 0.129870 0.070423
6 0.935065 0.035211 0.129870 0.070423
6 0.064935 0.964789 0.129870 0.070423
6 0.935065 0.964789 0.129870 0.070423
