5 0.112500 0.040187 0.072368 0.028037
5 0.102632 0.094393 0.136842 0.022430
5 0.603289 0.100000 0.227632 0.029907
5 0.864474 0.101869 0.081579 0.016822
5 0.505263 0.128037 0.326316 0.028037
5 0.838816 0.157477 0.046053 0.015888
5 0.916447 0.157477 0.030263 0.015888
5 0.409211 0.201869 0.028947 0.016822
5 0.495395 0.201402 0.027632 0.015888
5 0.594737 0.201869 0.042105 0.016822
5 0.704605 0.201869 0.064474 0.016822
5 0.687500 0.227103 0.190789 0.022430
5 0.311184 0.226168 0.180263 0.018692
5 0.066447 0.226168 0.059211 0.014953
5 0.490132 0.247196 0.906579 0.017757
5 0.484211 0.265888 0.900000 0.017757
5 0.493421 0.283645 0.913158 0.021495
5 0.202632 0.300935 0.331579 0.018692
1 0.484211 0.318692 0.894737 0.020561
1 0.492763 0.337383 0.917105 0.018692
1 0.431579 0.356075 0.789474 0.018692
2 0.259868 0.427103 0.398684 0.026168
3 0.857237 0.426168 0.148684 0.022430
5 0.128289 0.449065 0.167105 0.023364
4 0.736184 0.448598 0.119737 0.016822
4 0.437500 0.451402 0.114474 0.018692
2 0.249342 0.476168 0.380263 0.025234
3 0.857237 0.475234 0.148684 0.019626
5 0.122368 0.497664 0.155263 0.023364
4 0.735526 0.497196 0.121053 0.016822
4 0.437500 0.499533 0.114474 0.019626
2 0.238158 0.524766 0.357895 0.025234
3 0.857237 0.523832 0.148684 0.019626
5 0.128289 0.547196 0.167105 0.025234
4 0.437500 0.549533 0.114474 0.018692
5 0.151316 0.575234 0.215789 0.017757
5 0.128947 0.596262 0.171053 0.018692
5 0.131579 0.622430 0.176316 0.016822
0 0.726316 0.653738 0.178947 0.019626
5 0.173026 0.671028 0.175000 0.018692
5 0.726974 0.679439 0.153947 0.018692
5 0.719737 0.748131 0.236842 0.025234
5 0.294079 0.800935 0.501316 0.022430
5 0.865789 0.836916 0.189474 0.015888
6 0.065789 0.046729 0.131579 0.093458
6 0.934211 0.046729 0.131579 0.093458
6 0.065789 0.953271 0.131579 0.093458
6 0.934211 0.953271 0.131579 0.093458
