5 0.110435 0.072500 0.156522 0.017500
5 0.097826 0.101875 0.131304 0.021250
5 0.594348 0.107500 0.225217 0.026250
5 0.853043 0.110000 0.080000 0.017500
5 0.497391 0.136563 0.321739 0.029375
5 0.826957 0.165313 0.045217 0.015625
5 0.903913 0.165313 0.030435 0.015625
5 0.584783 0.210000 0.039130 0.017500
5 0.694348 0.210000 0.063478 0.017500
5 0.330435 0.210938 0.017391 0.015625
5 0.403043 0.210938 0.028696 0.015625
5 0.487826 0.210938 0.027826 0.015625
5 0.305217 0.234375 0.180870 0.018750
5 0.706087 0.235313 0.240000 0.020625
5 0.061739 0.235937 0.059130 0.015625
5 0.126957 0.235000 0.024348 0.013750
5 0.484783 0.235625 0.100000 0.012500
5 0.493913 0.255000 0.923478 0.020000
5 0.408261 0.273125 0.752174 0.018750
1 0.493043 0.291563 0.921739 0.021875
1 0.486522 0.309375 0.908696 0.018750
1 0.270435 0.327813 0.476522 0.021875
2 0.225652 0.399687 0.340000 0.025625
3 0.844348 0.397500 0.146087 0.017500
5 0.123478 0.421250 0.161739 0.023750
4 0.726957 0.420938 0.120000 0.016875
4 0.430000 0.423438 0.113913 0.020625
2 0.243043 0.448125 0.374783 0.025000
3 0.845217 0.447500 0.147826 0.020000
5 0.118261 0.469375 0.151304 0.023750
4 0.726957 0.469375 0.120000 0.017500
4 0.430435 0.472500 0.113043 0.017500
2 0.354348 0.495937 0.595652 0.026875
3 0.841739 0.495625 0.140870 0.020000
5 0.123478 0.519375 0.161739 0.023750
4 0.723478 0.519375 0.113043 0.017500
4 0.426957 0.521875 0.106087 0.018750
2 0.203913 0.545937 0.296522 0.026875
3 0.845217 0.544375 0.147826 0.020000
5 0.118261 0.567813 0.151304 0.023125
4 0.726087 0.567813 0.121739 0.016875
4 0.430435 0.570000 0.113043 0.018750
5 0.145652 0.596875 0.213043 0.018750
5 0.124783 0.616875 0.171304 0.018750
5 0.126957 0.643750 0.175652 0.018750
0 0.716087 0.676250 0.176522 0.018750
5 0.166957 0.692813 0.173913 0.016875
5 0.716957 0.700625 0.152174 0.017500
5 0.709565 0.771563 0.259130 0.024375
5 0.287391 0.822187 0.498261 0.020625
5 0.854783 0.859062 0.184348 0.015625
6 0.043478 0.031250 0.086957 0.062500
6 0.956522 0.031250 0.086957 0.062500
6 0.043478 0.968750 0.086957 0.062500
6 0.956522 0.968750 0.086957 0.062500
