5 0.110435 0.072188 0.156522 0.016875
5 0.097826 0.101875 0.131304 0.021250
5 0.580000 0.107500 0.196522 0.026250
5 0.853043 0.110937 0.080000 0.015625
5 0.496522 0.136563 0.320000 0.029375
5 0.826957 0.165313 0.045217 0.015625
5 0.903913 0.165313 0.030435 0.015625
5 0.584783 0.210000 0.039130 0.017500
5 0.694348 0.210000 0.063478 0.017500
5 0.329130 0.210000 0.014783 0.013750
5 0.403043 0.210938 0.028696 0.015625
5 0.487826 0.210938 0.027826 0.015625
5 0.305217 0.234375 0.180870 0.018750
5 0.706087 0.235313 0.240000 0.020625
5 0.487826 0.234063 0.111304 0.015625
5 0.061739 0.235937 0.059130 0.015625
5 0.128261 0.235625 0.021739 0.012500
5 0.485217 0.255000 0.906087 0.020000
5 0.489565 0.273125 0.914783 0.018750
5 0.488696 0.291875 0.913043 0.018750
5 0.430000 0.309688 0.795652 0.020625
1 0.471304 0.327188 0.878261 0.020625
2 0.287826 0.436563 0.462609 0.023125
3 0.842174 0.435000 0.141739 0.020000
5 0.123478 0.458125 0.161739 0.021250
4 0.426957 0.460000 0.106087 0.017500
2 0.235217 0.485000 0.359130 0.026250
3 0.845217 0.483438 0.147826 0.020625
5 0.123478 0.506875 0.161739 0.023750
4 0.430435 0.509375 0.113043 0.018750
2 0.213478 0.533750 0.315652 0.026250
3 0.844348 0.531563 0.146087 0.020625
5 0.118261 0.555312 0.151304 0.023125
4 0.868261 0.555312 0.115652 0.016875
5 0.145652 0.584375 0.213043 0.018750
5 0.253913 0.605625 0.429565 0.018750
5 0.126957 0.631250 0.175652 0.018750
0 0.716957 0.663750 0.178261 0.018750
5 0.166522 0.680625 0.174783 0.021250
5 0.716957 0.688125 0.152174 0.020000
5 0.708261 0.758437 0.235652 0.023125
5 0.287391 0.810312 0.498261 0.021875
5 0.854783 0.846562 0.184348 0.015625
6 0.043478 0.031250 0.086957 0.062500
6 0.956522 0.031250 0.086957 0.062500
6 0.043478 0.968750 0.086957 0.062500
6 0.956522 0.968750 0.086957 0.062500
