5 0.112500 0.040187 0.072368 0.028037
5 0.589474 0.101869 0.202632 0.029907
5 0.864474 0.104206 0.081579 0.015888
5 0.505263 0.129907 0.326316 0.029907
5 0.838816 0.158879 0.046053 0.014953
5 0.916447 0.158879 0.030263 0.014953
5 0.593421 0.203271 0.039474 0.017757
5 0.703289 0.203271 0.067105 0.017757
5 0.409211 0.204206 0.028947 0.015888
5 0.495395 0.204206 0.027632 0.015888
5 0.338158 0.204206 0.013158 0.012150
5 0.311842 0.228972 0.181579 0.022430
5 0.688158 0.228972 0.189474 0.020561
5 0.066447 0.229439 0.059211 0.015888
5 0.100658 0.248598 0.127632 0.018692
1 0.355921 0.265888 0.638158 0.019626
2 0.205921 0.375234 0.290789 0.027103
3 0.857237 0.373832 0.148684 0.020561
5 0.127632 0.397664 0.165789 0.023364
4 0.437500 0.399533 0.114474 0.019626
2 0.393421 0.423364 0.668421 0.028037
3 0.857237 0.422430 0.148684 0.020561
5 0.128289 0.446262 0.167105 0.023364
4 0.437500 0.447664 0.114474 0.018692
4 0.735526 0.446262 0.121053 0.015888
5 0.151316 0.474766 0.215789 0.018692
5 0.128947 0.495794 0.171053 0.017757
5 0.131579 0.521495 0.176316 0.018692
0 0.726974 0.553271 0.180263 0.016822
5 0.173026 0.570561 0.175000 0.017757
5 0.726974 0.577570 0.153947 0.018692
5 0.718421 0.648131 0.252632 0.027103
5 0.294079 0.700467 0.501316 0.021495
5 0.865132 0.736449 0.188158 0.018692
6 0.065789 0.046729 0.131579 0.093458
6 0.934211 0.046729 0.131579 0.093458
6 0.065789 0.953271 0.131579 0.093458
6 0.934211 0.953271 0.131579 0.093458
