5 0.103913 0.076563 0.134783 0.021875
5 0.498696 0.106875 0.306957 0.026250
5 0.723478 0.145313 0.226087 0.021875
5 0.899565 0.142813 0.039130 0.016875
1 0.492174 0.228750 0.920000 0.020000
1 0.429130 0.257500 0.793913 0.025000
5 0.122609 0.280625 0.177391 0.026250
2 0.238696 0.311563 0.413043 0.026875
4 0.433478 0.352812 0.376522 0.025625
3 0.103913 0.352187 0.134783 0.016875
2 0.269565 0.391250 0.478261 0.023750
4 0.433043 0.433125 0.375652 0.023750
3 0.103043 0.432500 0.133043 0.018750
2 0.403913 0.470313 0.743478 0.030625
4 0.501739 0.513750 0.513043 0.025000
3 0.100870 0.513125 0.128696 0.017500
5 0.495217 0.550625 0.917391 0.026250
5 0.079130 0.574063 0.085217 0.016875
0 0.727826 0.583125 0.330435 0.026250
5 0.730870 0.611875 0.280870 0.025000
5 0.731304 0.640312 0.224348 0.021875
5 0.729130 0.745938 0.272174 0.016875
5 0.247391 0.776563 0.386957 0.021875
5 0.464783 0.806875 0.821739 0.026250
6 0.043478 0.031250 0.086957 0.062500
6 0.956522 0.031250 0.086957 0.062500
6 0.043478 0.968750 0.086957 0.062500
6 0.956522 0.968750 0.086957 0.062500
