5 0.111688 0.043310 0.075325 0.021831
5 0.110390 0.084155 0.153247 0.017606
5 0.596104 0.087676 0.225974 0.019014
5 0.853896 0.090141 0.084416 0.012676
5 0.498052 0.109859 0.323377 0.023944
5 0.827922 0.131690 0.042857 0.011268
5 0.907143 0.131690 0.029870 0.011268
5 0.587662 0.165493 0.040260 0.012676
5 0.695455 0.165493 0.061039 0.012676
5 0.261688 0.166197 0.035065 0.011268
5 0.333766 0.166197 0.018182 0.011268
5 0.405195 0.166197 0.028571 0.011268
5 0.310390 0.183803 0.179221 0.012676
5 0.065584 0.184859 0.058442 0.010563
5 0.680519 0.185563 0.187013 0.011972
5 0.170779 0.198592 0.274026 0.014085
1 0.418831 0.211972 0.770130 0.015493
2 0.342208 0.291901 0.564935 0.019014
3 0.844805 0.291901 0.146753 0.016197
5 0.127273 0.310915 0.166234 0.019014
4 0.726623 0.310563 0.123377 0.012676
4 0.433117 0.313028 0.112987 0.016197
5 0.149351 0.331690 0.212987 0.014085
5 0.125974 0.348944 0.174026 0.014789
5 0.130519 0.367606 0.175325 0.014085
0 0.716883 0.390845 0.179221 0.018310
5 0.170779 0.404930 0.175325 0.014085
5 0.718182 0.410563 0.153247 0.015493
5 0.708442 0.461972 0.190909 0.015493
5 0.292208 0.502113 0.498701 0.014085
5 0.855195 0.529577 0.190909 0.012676
6 0.064935 0.035211 0.129870 0.070423
6 0.935065 0.035211 0.129870 0.070423
6 0.064935 0.964789 0.129870 0.070423
6 0.935065 0.964789 0.129870 0.070423
