5 0.110435 0.072188 0.156522 0.016875
5 0.097826 0.101875 0.131304 0.021250
5 0.594348 0.107500 0.225217 0.026250
5 0.853043 0.110937 0.080000 0.015625
5 0.497391 0.136563 0.321739 0.029375
5 0.826957 0.165313 0.045217 0.015625
5 0.903913 0.166250 0.030435 0.013750
5 0.694348 0.210000 0.063478 0.017500
5 0.329130 0.210938 0.014783 0.015625
5 0.403043 0.210938 0.028696 0.015625
5 0.487826 0.210938 0.027826 0.015625
5 0.584783 0.210938 0.039130 0.015625
5 0.305217 0.234375 0.180870 0.018750
5 0.706087 0.235313 0.240000 0.020625
5 0.061739 0.235937 0.059130 0.015625
5 0.126957 0.235000 0.024348 0.013750
5 0.483478 0.235625 0.097391 0.012500
5 0.466957 0.255312 0.869565 0.020625
5 0.492174 0.274062 0.920000 0.020625
5 0.447391 0.292812 0.830435 0.016875
5 0.475652 0.310000 0.886957 0.020000
5 0.322609 0.327188 0.580870 0.020625
1 0.484348 0.345000 0.904348 0.022500
1 0.076522 0.361875 0.090435 0.017500
2 0.191739 0.453125 0.272174 0.025000
3 0.845217 0.452188 0.147826 0.020625
5 0.123478 0.475625 0.161739 0.023750
4 0.726957 0.475625 0.120000 0.017500
4 0.430435 0.478125 0.113043 0.018750
3 0.842174 0.501250 0.141739 0.022500
2 0.217826 0.502812 0.324348 0.025625
5 0.118261 0.524062 0.151304 0.023125
4 0.435652 0.526250 0.123478 0.018750
2 0.193913 0.551250 0.276522 0.025000
3 0.845217 0.550625 0.147826 0.020000
5 0.118261 0.572500 0.151304 0.023750
4 0.430435 0.575625 0.113043 0.017500
5 0.145652 0.602187 0.213043 0.016875
5 0.263913 0.623125 0.449565 0.018750
5 0.126957 0.649062 0.175652 0.016875
0 0.716087 0.681875 0.176522 0.017500
5 0.166957 0.699063 0.173913 0.016875
5 0.716957 0.705313 0.152174 0.020625
5 0.708261 0.775000 0.247826 0.018750
5 0.287391 0.828125 0.498261 0.023750
5 0.854783 0.863437 0.184348 0.015625
6 0.043478 0.031250 0.086957 0.062500
6 0.956522 0.031250 0.086957 0.062500
6 0.043478 0.968750 0.086957 0.062500
6 0.956522 0.968750 0.086957 0.062500
