5 0.110435 0.072188 0.156522 0.016875
5 0.097826 0.101875 0.131304 0.021250
5 0.594348 0.107500 0.225217 0.026250
5 0.853043 0.110937 0.080000 0.015625
5 0.497391 0.136563 0.321739 0.029375
5 0.826957 0.165313 0.045217 0.015625
5 0.903913 0.165313 0.030435 0.015625
5 0.694348 0.210000 0.063478 0.017500
5 0.329130 0.210938 0.014783 0.015625
5 0.403043 0.210938 0.028696 0.015625
5 0.487826 0.210938 0.027826 0.015625
5 0.584783 0.210938 0.039130 0.015625
5 0.305217 0.234375 0.180870 0.018750
5 0.706087 0.235313 0.240000 0.020625
5 0.061739 0.235937 0.059130 0.015625
5 0.126957 0.235000 0.024348 0.013750
5 0.483478 0.235625 0.097391 0.012500
5 0.466957 0.255312 0.869565 0.020625
5 0.492174 0.273125 0.920000 0.018750
5 0.447391 0.292812 0.830435 0.016875
5 0.475652 0.310000 0.886957 0.020000
5 0.322609 0.327188 0.580870 0.020625
1 0.388696 0.344375 0.713043 0.020000
3 0.841739 0.451875 0.140870 0.020000
2 0.287826 0.454375 0.462609 0.025000
5 0.123478 0.475625 0.161739 0.023750
4 0.426957 0.478125 0.106087 0.018750
5 0.145652 0.503750 0.213043 0.017500
5 0.258696 0.525000 0.439130 0.018750
5 0.126957 0.550625 0.175652 0.017500
0 0.716087 0.584375 0.176522 0.018750
5 0.166957 0.600625 0.173913 0.017500
5 0.717391 0.608437 0.153043 0.020625
5 0.708261 0.678125 0.247826 0.018750
5 0.287391 0.730625 0.498261 0.021250
5 0.854783 0.767188 0.184348 0.015625
6 0.043478 0.031250 0.086957 0.062500
6 0.956522 0.031250 0.086957 0.062500
6 0.043478 0.968750 0.086957 0.062500
6 0.956522 0.968750 0.086957 0.062500
